0 0.11171875 0.1234375 0.03984375 0.04140625
0 0.25234375 0.04375 0.02578125 0.05703125
0 0.1984375 0.11640625 0.02578125 0.04140625
0 0.16796875 0.19453125 0.03203125 0.028125
0 0.21640625 0.07109375 0.021875 0.05
0 0.69765625 0.08828125 0.028125 0.03125
0 0.1328125 0.35078125 0.02890625 0.03671875
0 0.35390625 0.7484375 0.0328125 0.03125
0 0.9171875 0.8953125 0.0203125 0.03046875
0 0.5921875 0.34921875 0.02890625 0.0421875
0 0.72109375 0.41171875 0.03359375 0.034375
0 0.81015625 0.18203125 0.01640625 0.03984375
0 0.946875 0.18203125 0.01953125 0.03359375
0 0.9734375 0.24765625 0.01953125 0.03984375
0 0.9765625 0.0453125 0.0234375 0.03359375
0 0.275 0.76640625 0.02890625 0.03671875
0 0.57734375 0.9390625 0.03671875 0.03359375
0 0.3796875 0.71875 0.02265625 0.0359375
0 0.51953125 0.03046875 0.0234375 0.0375
0 0.44765625 0.24609375 0.01875 0.04921875
0 0.39296875 0.19921875 0.0265625 0.0375
0 0.55 0.2046875 0.03125 0.0359375
0 0.515625 0.19140625 0.02890625 0.0375
0 0.5375 0.25390625 0.0390625 0.0625
0 0.721875 0.24765625 0.03046875 0.0359375
0 0.875 0.7953125 0.0265625 0.03984375
0 0.1828125 0.625 0.02265625 0.04296875
0 0.6125 0.6203125 0.03046875 0.0421875
0 0.09140625 0.5546875 0.025 0.0375
0 0.0359375 0.5421875 0.03203125 0.0375
0 0.92421875 0.640625 0.0234375 0.046875
0 0.69140625 0.025 0.0359375 0.02578125
0 0.72578125 0.05625 0.025 0.04921875
0 0.753125 0.053125 0.025 0.04140625
0 0.6640625 0.18671875 0.0296875 0.0421875
0 0.04140625 0.40625 0.028125 0.03984375
0 0.140625 0.46875 0.0453125 0.025
0 0.32890625 0.8234375 0.02265625 0.0328125
0 0.53671875 0.46484375 0.02265625 0.03046875
0 0.56484375 0.759375 0.01953125 0.0359375
0 0.47890625 0.71953125 0.0265625 0.04375