0 0.567500 0.958333 0.015000 0.020000
0 0.577500 0.940000 0.015000 0.020000
0 0.906250 0.910833 0.015000 0.020000
0 0.917500 0.897500 0.015000 0.020000
0 0.469375 0.812500 0.015000 0.020000
0 0.328750 0.825833 0.015000 0.020000
0 0.870000 0.800000 0.015000 0.020000
0 0.473750 0.795000 0.015000 0.020000
0 0.277500 0.781667 0.015000 0.020000
0 0.860000 0.780833 0.015000 0.020000
0 0.876875 0.790833 0.015000 0.020000
0 0.459375 0.794167 0.015000 0.020000
0 0.579375 0.767500 0.015000 0.020000
0 0.265000 0.766667 0.015000 0.020000
0 0.561875 0.763333 0.015000 0.020000
0 0.266250 0.747500 0.015000 0.020000
0 0.279375 0.761667 0.015000 0.020000
0 0.564375 0.755833 0.015000 0.020000
0 0.483750 0.718333 0.015000 0.020000
0 0.364375 0.732500 0.015000 0.020000
0 0.186250 0.676667 0.015000 0.020000
0 0.173750 0.665000 0.015000 0.020000
0 0.921250 0.649167 0.015000 0.020000
0 0.910625 0.629167 0.015000 0.020000
0 0.912500 0.624167 0.015000 0.020000
0 0.928125 0.637500 0.015000 0.020000
0 0.594375 0.606667 0.015000 0.020000
0 0.610625 0.620000 0.015000 0.020000
0 0.108125 0.565000 0.015000 0.020000
0 0.110000 0.555000 0.015000 0.020000
0 0.030625 0.547500 0.015000 0.020000
0 0.485625 0.530000 0.015000 0.020000
0 0.091250 0.550833 0.015000 0.020000
0 0.036875 0.541667 0.015000 0.020000
0 0.140625 0.470833 0.015000 0.020000
0 0.535000 0.457500 0.015000 0.020000
0 0.121250 0.412500 0.015000 0.020000
0 0.722500 0.413333 0.015000 0.020000
0 0.030000 0.387500 0.015000 0.020000
0 0.033125 0.385000 0.015000 0.020000
0 0.034375 0.384167 0.015000 0.020000
0 0.035625 0.383333 0.015000 0.020000
0 0.043750 0.402500 0.015000 0.020000
0 0.146250 0.366667 0.015000 0.020000
0 0.119375 0.378333 0.015000 0.020000
0 0.591250 0.352500 0.015000 0.020000
0 0.116250 0.339167 0.015000 0.020000
0 0.148125 0.348333 0.015000 0.020000
0 0.145625 0.332500 0.015000 0.020000
0 0.593125 0.341667 0.015000 0.020000
0 0.233125 0.330000 0.015000 0.020000
0 0.124375 0.330000 0.015000 0.020000
0 0.136875 0.328333 0.015000 0.020000
0 0.219375 0.347500 0.015000 0.020000
0 0.634375 0.320833 0.015000 0.020000
0 0.623125 0.315833 0.015000 0.020000
0 0.635000 0.298333 0.015000 0.020000
0 0.826250 0.280000 0.015000 0.020000
0 0.540625 0.276667 0.015000 0.020000
0 0.529375 0.275833 0.015000 0.020000
0 0.545625 0.274167 0.015000 0.020000
0 0.532500 0.276667 0.015000 0.020000
0 0.528750 0.272500 0.015000 0.020000
0 0.458750 0.272500 0.015000 0.020000
0 0.970000 0.270000 0.015000 0.020000
0 0.642500 0.274167 0.015000 0.020000
0 0.526875 0.269167 0.015000 0.020000
0 0.460625 0.269167 0.015000 0.020000
0 0.966250 0.266667 0.015000 0.020000
0 0.639375 0.265000 0.015000 0.020000
0 0.491875 0.252500 0.015000 0.020000
0 0.660000 0.266667 0.015000 0.020000
0 0.650000 0.253333 0.015000 0.020000
0 0.465625 0.246667 0.015000 0.020000
0 0.976250 0.247500 0.015000 0.020000
0 0.471875 0.240833 0.015000 0.020000
0 0.706875 0.228333 0.015000 0.020000
0 0.719375 0.240833 0.015000 0.020000
0 0.449375 0.248333 0.015000 0.020000
0 0.468750 0.218333 0.015000 0.020000
0 0.804375 0.211667 0.015000 0.020000
0 0.813750 0.210000 0.015000 0.020000
0 0.375000 0.211667 0.015000 0.020000
0 0.490000 0.225833 0.015000 0.020000
0 0.477500 0.206667 0.015000 0.020000
0 0.943750 0.198333 0.015000 0.020000
0 0.953750 0.194167 0.015000 0.020000
0 0.393750 0.204167 0.015000 0.020000
0 0.932500 0.194167 0.015000 0.020000
0 0.560000 0.208333 0.015000 0.020000
0 0.409375 0.190000 0.015000 0.020000
0 0.373750 0.196667 0.015000 0.020000
0 0.406875 0.186667 0.015000 0.020000
0 0.820000 0.193333 0.015000 0.020000
0 0.543750 0.225833 0.015000 0.020000
0 0.380000 0.180000 0.015000 0.020000
0 0.394375 0.180833 0.015000 0.020000
0 0.668125 0.185000 0.015000 0.020000
0 0.166250 0.190833 0.015000 0.020000
0 0.655625 0.168333 0.015000 0.020000
0 0.501875 0.185000 0.015000 0.020000
0 0.512500 0.187500 0.015000 0.020000
0 0.671250 0.171667 0.015000 0.020000
0 0.942500 0.179167 0.015000 0.020000
0 0.805000 0.183333 0.015000 0.020000
0 0.109375 0.124167 0.015000 0.020000
0 0.122500 0.102500 0.015000 0.020000
0 0.104375 0.115833 0.015000 0.020000
0 0.680625 0.096667 0.015000 0.020000
0 0.701250 0.095833 0.015000 0.020000
0 0.198125 0.112500 0.015000 0.020000
0 0.979375 0.064167 0.015000 0.020000
0 0.758125 0.068333 0.015000 0.020000
0 0.229375 0.063333 0.015000 0.020000
0 0.810000 0.054167 0.015000 0.020000
0 0.200000 0.066667 0.015000 0.020000
0 0.218125 0.071667 0.015000 0.020000
0 0.210625 0.048333 0.015000 0.020000
0 0.706875 0.036667 0.015000 0.020000
0 0.686875 0.035000 0.015000 0.020000
0 0.236875 0.042500 0.015000 0.020000
0 0.760625 0.045000 0.015000 0.020000
0 0.977500 0.042500 0.015000 0.020000
0 0.665625 0.024167 0.015000 0.020000
0 0.255625 0.045000 0.015000 0.020000
0 0.800000 0.035833 0.015000 0.020000
0 0.249375 0.021667 0.015000 0.020000
0 0.716875 0.057500 0.015000 0.020000
0 0.686250 0.013333 0.015000 0.020000
0 0.528125 0.024167 0.015000 0.020000
0 0.516250 0.027500 0.015000 0.020000