0 0.158125 0.979167 0.003750 0.005000
0 0.707812 0.980417 0.010625 0.017500
0 0.242188 0.971250 0.000625 0.000833
0 0.894375 0.973750 0.005000 0.007500
0 0.972187 0.964167 0.000625 0.001667
0 0.422812 0.962500 0.003125 0.006667
0 0.420938 0.958333 0.000625 0.001667
0 0.936562 0.960417 0.009375 0.009167
0 0.146250 0.955000 0.003750 0.005000
0 0.763125 0.955833 0.008750 0.011667
0 0.157812 0.951667 0.004375 0.005000
0 0.696562 0.940000 0.006875 0.005000
0 0.352187 0.938750 0.003125 0.002500
0 0.350313 0.936250 0.000625 0.000833
0 0.451875 0.928333 0.005000 0.010000
0 0.814688 0.920417 0.009375 0.014167
0 0.895625 0.903750 0.001250 0.000833
0 0.538438 0.888333 0.004375 0.003333
0 0.492812 0.878750 0.003125 0.002500
0 0.495312 0.877083 0.000625 0.000833
0 0.485312 0.876250 0.000625 0.000833
0 0.956250 0.864583 0.002500 0.004167
0 0.700313 0.867083 0.008125 0.010833
0 0.952187 0.863333 0.009375 0.011667
0 0.485938 0.841250 0.000625 0.000833
0 0.484687 0.841250 0.000625 0.000833
0 0.900312 0.847917 0.006875 0.017500
0 0.487187 0.833750 0.000625 0.000833
0 0.602500 0.818750 0.011250 0.014167
0 0.582500 0.808750 0.012500 0.009167
0 0.883125 0.805000 0.002500 0.005000
0 0.524687 0.800417 0.000625 0.000833
0 0.237187 0.800833 0.003125 0.003333
0 0.527813 0.799583 0.004375 0.002500
0 0.521563 0.798750 0.003125 0.002500
0 0.514687 0.796250 0.000625 0.000833
0 0.510625 0.796250 0.001250 0.000833
0 0.512500 0.795833 0.001250 0.001667
0 0.510625 0.794583 0.002500 0.000833
0 0.540312 0.795000 0.005625 0.003333
0 0.595313 0.796250 0.006875 0.009167
0 0.615000 0.798333 0.007500 0.015000
0 0.506875 0.791250 0.002500 0.002500
0 0.503437 0.786667 0.000625 0.001667
0 0.589688 0.787083 0.005625 0.004167
0 0.545937 0.786250 0.001875 0.002500
0 0.504062 0.784583 0.000625 0.000833
0 0.680937 0.782083 0.003125 0.004167
0 0.531875 0.782917 0.006250 0.009167
0 0.502812 0.780000 0.001875 0.008333
0 0.223438 0.776667 0.001875 0.001667
0 0.230625 0.774167 0.003750 0.003333
0 0.546562 0.772500 0.001875 0.001667
0 0.503125 0.772083 0.001250 0.000833
0 0.276875 0.772500 0.006250 0.006667
0 0.815312 0.768750 0.000625 0.000833
0 0.272813 0.768750 0.000625 0.000833
0 0.819063 0.767083 0.000625 0.000833
0 0.543125 0.767917 0.001250 0.002500
0 0.596562 0.774583 0.009375 0.017500
0 0.900312 0.765833 0.001875 0.001667
0 0.507188 0.767083 0.003125 0.004167
0 0.540937 0.765000 0.000625 0.001667
0 0.534687 0.762083 0.000625 0.000833
0 0.514062 0.761250 0.000625 0.000833
0 0.530937 0.761250 0.005625 0.002500
0 0.516250 0.761250 0.002500 0.002500
0 0.819688 0.758750 0.000625 0.000833
0 0.813750 0.757083 0.003750 0.015833
0 0.788438 0.739583 0.000625 0.000833
0 0.562500 0.740833 0.005000 0.003333
0 0.360312 0.739583 0.003125 0.004167
0 0.288438 0.731667 0.020625 0.011667
0 0.445937 0.716250 0.000625 0.000833
0 0.800937 0.715000 0.000625 0.001667
0 0.774687 0.714167 0.003125 0.005000
0 0.797500 0.711250 0.003750 0.004167
0 0.436563 0.711667 0.004375 0.005000
0 0.416250 0.702917 0.008750 0.012500
0 0.199063 0.695417 0.000625 0.000833
0 0.204687 0.690833 0.014375 0.010000
0 0.711562 0.689583 0.009375 0.012500
0 0.741563 0.677083 0.000625 0.002500
0 0.746875 0.678333 0.007500 0.008333
0 0.666562 0.675417 0.001875 0.002500
0 0.654375 0.680417 0.010000 0.017500
0 0.661563 0.672917 0.003125 0.004167
0 0.221562 0.668333 0.000625 0.001667
0 0.108750 0.663333 0.003750 0.003333
0 0.115937 0.661250 0.000625 0.004167
0 0.465313 0.666250 0.008125 0.015833
0 0.218750 0.661667 0.007500 0.008333
0 0.213125 0.656667 0.001250 0.001667
0 0.209687 0.655000 0.001875 0.001667
0 0.110312 0.654167 0.001875 0.001667
0 0.860938 0.645417 0.000625 0.000833
0 0.860625 0.643333 0.001250 0.001667
0 0.862187 0.642083 0.000625 0.000833
0 0.885625 0.648333 0.007500 0.015000
0 0.994062 0.640833 0.001875 0.001667
0 0.637813 0.631667 0.000625 0.001667
0 0.862812 0.635000 0.006875 0.010000
0 0.640625 0.631667 0.002500 0.003333
0 0.706250 0.630833 0.001250 0.003333
0 0.346875 0.623750 0.013750 0.009167
0 0.753750 0.617500 0.002500 0.005000
0 0.702500 0.615833 0.005000 0.008333
0 0.880938 0.609583 0.003125 0.002500
0 0.877188 0.608750 0.003125 0.002500
0 0.891563 0.607083 0.000625 0.000833
0 0.630000 0.607500 0.006250 0.006667
0 0.620000 0.608333 0.001250 0.008333
0 0.893437 0.604583 0.003125 0.004167
0 0.872500 0.603333 0.002500 0.001667
0 0.748125 0.609583 0.011250 0.019167
0 0.720313 0.600833 0.000625 0.001667
0 0.869687 0.598333 0.001875 0.003333
0 0.717500 0.599167 0.002500 0.005000
0 0.213125 0.601667 0.012500 0.010000
0 0.883437 0.596250 0.000625 0.000833
0 0.485312 0.595417 0.003125 0.004167
0 0.899062 0.591667 0.000625 0.001667
0 0.694063 0.590000 0.000625 0.001667
0 0.898750 0.589167 0.001250 0.001667
0 0.482500 0.590000 0.003750 0.005000
0 0.257812 0.590000 0.005625 0.006667
0 0.885000 0.588333 0.003750 0.005000
0 0.408750 0.587500 0.002500 0.005000
0 0.898438 0.585417 0.001875 0.002500
0 0.868750 0.585417 0.002500 0.004167
0 0.880000 0.584583 0.001250 0.004167
0 0.449062 0.584583 0.001875 0.004167
0 0.870313 0.582083 0.000625 0.000833
0 0.636875 0.583750 0.008750 0.009167
0 0.619375 0.580417 0.002500 0.004167
0 0.208437 0.577917 0.000625 0.000833
0 0.895000 0.575417 0.002500 0.004167
0 0.873125 0.574167 0.005000 0.006667
0 0.632812 0.572917 0.004375 0.005833
0 0.888437 0.567083 0.000625 0.000833
0 0.878750 0.568333 0.003750 0.003333
0 0.885000 0.566250 0.003750 0.002500
0 0.612812 0.548333 0.008125 0.011667
0 0.606563 0.540833 0.001875 0.003333
0 0.544687 0.536667 0.010625 0.011667
0 0.493750 0.530833 0.001250 0.001667
0 0.439063 0.531250 0.001875 0.002500
0 0.583438 0.528750 0.000625 0.000833
0 0.581250 0.529167 0.002500 0.001667
0 0.493125 0.525000 0.001250 0.001667
0 0.411562 0.524167 0.004375 0.003333
0 0.766563 0.528750 0.008125 0.014167
0 0.574688 0.517500 0.004375 0.008333
0 0.510000 0.515833 0.002500 0.005000
0 0.527500 0.510417 0.005000 0.004167
0 0.277813 0.511250 0.004375 0.007500
0 0.520938 0.487083 0.000625 0.000833
0 0.519687 0.487083 0.000625 0.000833
0 0.654375 0.487083 0.001250 0.002500
0 0.522500 0.485833 0.001250 0.001667
0 0.340625 0.481667 0.001250 0.001667
0 0.649375 0.477500 0.002500 0.005000
0 0.622812 0.475833 0.000625 0.001667
0 0.621563 0.475417 0.000625 0.000833
0 0.527813 0.481250 0.011875 0.014167
0 0.412500 0.471250 0.005000 0.005833
0 0.333437 0.466250 0.000625 0.000833
0 0.407500 0.471250 0.011250 0.012500
0 0.080937 0.461667 0.001875 0.006667
0 0.079062 0.457083 0.000625 0.000833
0 0.553125 0.455833 0.005000 0.003333
0 0.549375 0.454167 0.001250 0.003333
0 0.707187 0.454583 0.006875 0.009167
0 0.534375 0.430833 0.002500 0.003333
0 0.198750 0.430417 0.007500 0.012500
0 0.505938 0.419583 0.003125 0.004167
0 0.448437 0.417917 0.000625 0.000833
0 0.491250 0.417500 0.002500 0.003333
0 0.478750 0.417083 0.005000 0.002500
0 0.447188 0.416667 0.000625 0.001667
0 0.447188 0.414583 0.000625 0.000833
0 0.471875 0.413333 0.003750 0.003333
0 0.500313 0.412083 0.001875 0.002500
0 0.469687 0.411250 0.000625 0.000833
0 0.228125 0.414167 0.006250 0.008333
0 0.503125 0.405833 0.002500 0.003333
0 0.466875 0.405000 0.001250 0.001667
0 0.450937 0.412917 0.013125 0.019167
0 0.505625 0.400833 0.001250 0.001667
0 0.465938 0.401250 0.001875 0.002500
0 0.491250 0.402917 0.006250 0.007500
0 0.984375 0.403333 0.007500 0.010000
0 0.502812 0.390417 0.000625 0.000833
0 0.693750 0.387083 0.002500 0.002500
0 0.700625 0.385417 0.001250 0.000833
0 0.501563 0.384583 0.000625 0.000833
0 0.500625 0.383333 0.001250 0.001667
0 0.694375 0.379167 0.003750 0.001667
0 0.471875 0.382083 0.008750 0.007500
0 0.478438 0.377500 0.003125 0.003333
0 0.230000 0.369167 0.003750 0.008333
0 0.487812 0.369583 0.011875 0.019167
0 0.229375 0.359167 0.001250 0.001667
0 0.467500 0.357917 0.008750 0.007500
0 0.429688 0.353333 0.001875 0.003333
0 0.435000 0.347083 0.005000 0.004167
0 0.489063 0.345000 0.009375 0.013333
0 0.774687 0.335833 0.009375 0.013333
0 0.155625 0.323333 0.001250 0.001667
0 0.153125 0.319167 0.002500 0.001667
0 0.617812 0.319167 0.004375 0.006667
0 0.423750 0.305000 0.002500 0.003333
0 0.542500 0.300417 0.001250 0.000833
0 0.417187 0.294583 0.000625 0.000833
0 0.441563 0.289167 0.001875 0.001667
0 0.096875 0.283333 0.002500 0.005000
0 0.196250 0.262500 0.001250 0.001667
0 0.199687 0.260417 0.000625 0.000833
0 0.890312 0.263333 0.003125 0.008333
0 0.200937 0.259167 0.000625 0.001667
0 0.462187 0.261667 0.009375 0.010000
0 0.198125 0.253333 0.001250 0.001667
0 0.505938 0.239583 0.000625 0.000833
0 0.360000 0.237917 0.010000 0.007500
0 0.094375 0.232500 0.001250 0.001667
0 0.553750 0.232083 0.002500 0.004167
0 0.009375 0.230833 0.001250 0.001667
0 0.015312 0.227917 0.000625 0.000833
0 0.498750 0.234167 0.012500 0.015000
0 0.268750 0.228750 0.002500 0.004167
0 0.197500 0.231250 0.008750 0.009167
0 0.012500 0.227500 0.002500 0.001667
0 0.552188 0.225833 0.001875 0.001667
0 0.010937 0.225417 0.000625 0.000833
0 0.330625 0.220833 0.011250 0.015000
0 0.574375 0.213750 0.007500 0.017500
0 0.303750 0.202500 0.001250 0.001667
0 0.002188 0.194583 0.004375 0.010833
0 0.828750 0.195000 0.007500 0.018333
0 0.079375 0.176667 0.011250 0.011667
0 0.500313 0.170000 0.001875 0.005000
0 0.076250 0.168333 0.003750 0.005000
0 0.499688 0.165833 0.003125 0.005000
0 0.500625 0.161667 0.001250 0.001667
0 0.311250 0.164167 0.011250 0.015000
0 0.007188 0.157083 0.000625 0.000833
0 0.377188 0.160833 0.009375 0.010000
0 0.317812 0.154583 0.000625 0.000833
0 0.504062 0.148333 0.000625 0.001667
0 0.134063 0.144583 0.000625 0.000833
0 0.135625 0.142500 0.001250 0.001667
0 0.192188 0.150417 0.010625 0.019167
0 0.130625 0.142083 0.006250 0.010833
0 0.010625 0.135000 0.003750 0.005000
0 0.417187 0.132083 0.000625 0.000833
0 0.028438 0.132083 0.001875 0.000833
0 0.439063 0.137083 0.011875 0.014167
0 0.489687 0.130833 0.011875 0.013333
0 0.311563 0.125000 0.006875 0.005000
0 0.022500 0.135833 0.023750 0.036667
0 0.185625 0.108750 0.003750 0.005833
0 0.037500 0.099167 0.008750 0.013333
0 0.752188 0.060417 0.006875 0.012500
0 0.851250 0.052500 0.001250 0.001667
0 0.351250 0.053333 0.002500 0.003333
0 0.355312 0.050417 0.000625 0.000833
0 0.358438 0.050000 0.001875 0.001667
0 0.355625 0.048333 0.002500 0.001667
0 0.427500 0.053333 0.011250 0.013333
0 0.842187 0.045833 0.000625 0.001667
0 0.458750 0.044167 0.007500 0.006667
0 0.841875 0.041250 0.002500 0.004167
0 0.270937 0.037917 0.000625 0.000833
0 0.272813 0.038333 0.001875 0.003333
0 0.166875 0.041667 0.006250 0.011667
0 0.460938 0.035833 0.001875 0.001667
0 0.124375 0.036667 0.002500 0.005000
0 0.088750 0.002500 0.001250 0.001667
0 0.669375 0.000417 0.001250 0.000833
0 0.399687 0.000833 0.003125 0.001667
0 0.089375 0.000417 0.002500 0.000833