0 0.580625 0.472500 0.015000 0.020000
0 0.578750 0.466667 0.015000 0.020000
0 0.577500 0.455000 0.015000 0.020000
0 0.578125 0.445000 0.015000 0.020000
0 0.595625 0.459167 0.015000 0.020000
0 0.578750 0.441667 0.015000 0.020000
0 0.608750 0.439167 0.015000 0.020000
0 0.607500 0.435833 0.015000 0.020000
0 0.606875 0.434167 0.015000 0.020000
0 0.584375 0.432500 0.015000 0.020000
0 0.597500 0.430000 0.015000 0.020000
0 0.357500 0.377500 0.015000 0.020000
0 0.351250 0.376667 0.015000 0.020000
0 0.363125 0.374167 0.015000 0.020000
0 0.368750 0.370833 0.015000 0.020000
0 0.342500 0.372500 0.015000 0.020000
0 0.371875 0.365833 0.015000 0.020000
0 0.335000 0.362500 0.015000 0.020000
0 0.373750 0.352500 0.015000 0.020000
0 0.333750 0.349167 0.015000 0.020000
0 0.335625 0.341667 0.015000 0.020000
0 0.371250 0.340000 0.015000 0.020000
0 0.338125 0.338333 0.015000 0.020000
0 0.367500 0.335833 0.015000 0.020000
0 0.363750 0.331667 0.015000 0.020000
0 0.345000 0.333333 0.015000 0.020000
0 0.355000 0.330833 0.015000 0.020000
0 0.636250 0.274167 0.015000 0.020000
0 0.628750 0.269167 0.015000 0.020000
0 0.626250 0.265000 0.015000 0.020000
0 0.624375 0.261667 0.015000 0.020000
0 0.624375 0.260000 0.015000 0.020000
0 0.623125 0.257500 0.015000 0.020000
0 0.623125 0.250000 0.015000 0.020000
0 0.651250 0.259167 0.015000 0.020000
0 0.161875 0.254167 0.015000 0.020000
0 0.146250 0.265000 0.015000 0.020000
0 0.623750 0.239167 0.015000 0.020000
0 0.655625 0.235000 0.015000 0.020000
0 0.626250 0.232500 0.015000 0.020000
0 0.073750 0.229167 0.015000 0.020000
0 0.650625 0.226667 0.015000 0.020000
0 0.649375 0.225000 0.015000 0.020000
0 0.647500 0.224167 0.015000 0.020000
0 0.644375 0.222500 0.015000 0.020000
0 0.634375 0.225000 0.015000 0.020000
0 0.089375 0.220833 0.015000 0.020000
0 0.068125 0.199167 0.015000 0.020000
0 0.069375 0.214167 0.015000 0.020000
0 0.100625 0.204167 0.015000 0.020000
0 0.095625 0.195000 0.015000 0.020000
0 0.070000 0.195833 0.015000 0.020000
0 0.608750 0.194167 0.015000 0.020000
0 0.093125 0.193333 0.015000 0.020000
0 0.082500 0.192500 0.015000 0.020000
0 0.603125 0.191667 0.015000 0.020000
0 0.613750 0.191667 0.015000 0.020000
0 0.656250 0.176667 0.015000 0.020000
0 0.571250 0.177500 0.015000 0.020000
0 0.566250 0.175833 0.015000 0.020000
0 0.596250 0.176667 0.015000 0.020000
0 0.581875 0.171667 0.015000 0.020000
0 0.619375 0.173333 0.015000 0.020000
0 0.620625 0.157500 0.015000 0.020000
0 0.594375 0.160833 0.015000 0.020000
0 0.589375 0.160000 0.015000 0.020000
0 0.638125 0.165000 0.015000 0.020000
0 0.620625 0.154167 0.015000 0.020000
0 0.596250 0.152500 0.015000 0.020000
0 0.561250 0.162500 0.015000 0.020000
0 0.674375 0.160833 0.015000 0.020000
0 0.589375 0.151667 0.015000 0.020000
0 0.558125 0.146667 0.015000 0.020000
0 0.560625 0.142500 0.015000 0.020000
0 0.608750 0.150000 0.015000 0.020000
0 0.586250 0.143333 0.015000 0.020000
0 0.739375 0.137500 0.015000 0.020000
0 0.732500 0.138333 0.015000 0.020000
0 0.670625 0.140833 0.015000 0.020000
0 0.724375 0.135833 0.015000 0.020000
0 0.566875 0.137500 0.015000 0.020000
0 0.576875 0.136667 0.015000 0.020000
0 0.663750 0.134167 0.015000 0.020000
0 0.720625 0.132500 0.015000 0.020000
0 0.718750 0.131667 0.015000 0.020000
0 0.647500 0.142500 0.015000 0.020000
0 0.748125 0.130833 0.015000 0.020000
0 0.714375 0.122500 0.015000 0.020000
0 0.756250 0.115833 0.015000 0.020000
0 0.712500 0.110833 0.015000 0.020000
0 0.755625 0.104167 0.015000 0.020000
0 0.753750 0.100000 0.015000 0.020000
0 0.753125 0.096667 0.015000 0.020000
0 0.715000 0.101667 0.015000 0.020000
0 0.751875 0.094167 0.015000 0.020000
0 0.749375 0.091667 0.015000 0.020000
0 0.745625 0.088333 0.015000 0.020000
0 0.741250 0.085833 0.015000 0.020000
0 0.738750 0.085833 0.015000 0.020000
0 0.724375 0.090000 0.015000 0.020000
0 0.735000 0.085000 0.015000 0.020000
0 0.456875 0.061667 0.015000 0.020000
0 0.468750 0.060833 0.015000 0.020000
0 0.448750 0.059167 0.015000 0.020000
0 0.474375 0.057500 0.015000 0.020000
0 0.443750 0.050833 0.015000 0.020000
0 0.440000 0.040000 0.015000 0.020000
0 0.478750 0.047500 0.015000 0.020000
0 0.440000 0.036667 0.015000 0.020000
0 0.480625 0.033333 0.015000 0.020000
0 0.478125 0.025833 0.015000 0.020000
0 0.444375 0.027500 0.015000 0.020000
0 0.473750 0.020833 0.015000 0.020000
0 0.471250 0.019167 0.015000 0.020000
0 0.450625 0.019167 0.015000 0.020000
0 0.468750 0.017500 0.015000 0.020000
0 0.464375 0.015833 0.015000 0.020000
0 0.457500 0.016667 0.015000 0.020000