0 0.248750 0.993750 0.003750 0.002500
0 0.354375 0.987083 0.003750 0.004167
0 0.479687 0.982500 0.005625 0.003333
0 0.241250 0.981250 0.001250 0.002500
0 0.989688 0.976250 0.000625 0.000833
0 0.453750 0.977917 0.002500 0.005833
0 0.993437 0.974583 0.001875 0.002500
0 0.085938 0.964583 0.001875 0.002500
0 0.304688 0.963333 0.005625 0.006667
0 0.444063 0.958750 0.000625 0.000833
0 0.262813 0.958750 0.000625 0.000833
0 0.671875 0.958333 0.002500 0.003333
0 0.295000 0.958750 0.005000 0.004167
0 0.269688 0.959167 0.004375 0.005000
0 0.259375 0.957917 0.003750 0.004167
0 0.121250 0.956667 0.001250 0.001667
0 0.629687 0.955417 0.001875 0.002500
0 0.273750 0.954167 0.002500 0.005000
0 0.253437 0.950417 0.000625 0.000833
0 0.311250 0.952500 0.003750 0.006667
0 0.276562 0.948333 0.001875 0.003333
0 0.413438 0.946250 0.000625 0.000833
0 0.299375 0.949167 0.006250 0.008333
0 0.269375 0.947083 0.002500 0.004167
0 0.344062 0.945000 0.001875 0.001667
0 0.115000 0.945000 0.005000 0.005000
0 0.264688 0.942083 0.000625 0.000833
0 0.139375 0.941667 0.002500 0.003333
0 0.253437 0.940833 0.001875 0.005000
0 0.655000 0.938333 0.001250 0.001667
0 0.302187 0.942083 0.004375 0.009167
0 0.653438 0.937083 0.000625 0.000833
0 0.275938 0.936250 0.001875 0.004167
0 0.655000 0.932083 0.001250 0.000833
0 0.255000 0.932917 0.002500 0.002500
0 0.300938 0.930417 0.000625 0.000833
0 0.258437 0.927917 0.000625 0.000833
0 0.411562 0.930833 0.005625 0.010000
0 0.183750 0.927083 0.002500 0.004167
0 0.269375 0.924583 0.002500 0.002500
0 0.267813 0.923750 0.000625 0.000833
0 0.142813 0.923750 0.000625 0.000833
0 0.010313 0.914583 0.001875 0.004167
0 0.069687 0.913333 0.000625 0.003333
0 0.221562 0.911667 0.001875 0.003333
0 0.743125 0.908333 0.001250 0.001667
0 0.210625 0.908750 0.005000 0.005833
0 0.105938 0.905417 0.000625 0.000833
0 0.810625 0.906667 0.006250 0.006667
0 0.100937 0.903333 0.000625 0.001667
0 0.440312 0.902500 0.000625 0.001667
0 0.541250 0.902500 0.005000 0.008333
0 0.359375 0.898333 0.003750 0.006667
0 0.376563 0.892083 0.003125 0.002500
0 0.336250 0.892083 0.002500 0.002500
0 0.765312 0.892083 0.004375 0.004167
0 0.331562 0.894167 0.006875 0.010000
0 0.170313 0.890000 0.001875 0.005000
0 0.053750 0.890417 0.003750 0.007500
0 0.109687 0.888333 0.004375 0.006667
0 0.381875 0.885000 0.001250 0.003333
0 0.235937 0.887917 0.004375 0.009167
0 0.106875 0.885000 0.002500 0.003333
0 0.445625 0.875833 0.002500 0.003333
0 0.152188 0.874583 0.001875 0.002500
0 0.000313 0.874583 0.000625 0.002500
0 0.160312 0.873333 0.000625 0.001667
0 0.324688 0.871250 0.001875 0.004167
0 0.950625 0.869167 0.001250 0.001667
0 0.363125 0.869167 0.001250 0.001667
0 0.354687 0.860833 0.001875 0.003333
0 0.318750 0.859167 0.003750 0.003333
0 0.007812 0.857500 0.000625 0.001667
0 0.734375 0.858333 0.003750 0.005000
0 0.269688 0.857500 0.001875 0.003333
0 0.106563 0.857917 0.004375 0.005833
0 0.377500 0.859167 0.005000 0.011667
0 0.362812 0.852083 0.000625 0.000833
0 0.330937 0.852500 0.000625 0.003333
0 0.205937 0.847917 0.000625 0.000833
0 0.710625 0.850417 0.005000 0.009167
0 0.313437 0.846667 0.001875 0.003333
0 0.321562 0.842500 0.005625 0.008333
0 0.309063 0.827917 0.001875 0.004167
0 0.222500 0.818750 0.001250 0.000833
0 0.320312 0.819167 0.001875 0.003333
0 0.275313 0.822083 0.005625 0.009167
0 0.250625 0.817917 0.001250 0.002500
0 0.387188 0.818333 0.004375 0.005000
0 0.207813 0.815833 0.001875 0.003333
0 0.290938 0.815000 0.001875 0.005000
0 0.683750 0.812917 0.001250 0.004167
0 0.719688 0.806250 0.004375 0.004167
0 0.373437 0.801250 0.000625 0.000833
0 0.614688 0.800833 0.004375 0.006667
0 0.172813 0.797917 0.004375 0.005833
0 0.541562 0.793750 0.004375 0.005833
0 0.263125 0.792083 0.002500 0.002500
0 0.205313 0.790833 0.004375 0.005000
0 0.168437 0.787917 0.000625 0.000833
0 0.036562 0.786250 0.000625 0.002500
0 0.312500 0.785833 0.003750 0.003333
0 0.587187 0.782083 0.004375 0.004167
0 0.819063 0.779583 0.001875 0.004167
0 0.355625 0.779167 0.003750 0.005000
0 0.098437 0.772917 0.000625 0.000833
0 0.079062 0.772083 0.000625 0.000833
0 0.268750 0.771250 0.001250 0.000833
0 0.846562 0.764167 0.003125 0.005000
0 0.441563 0.762083 0.000625 0.000833
0 0.115937 0.763750 0.003125 0.004167
0 0.440937 0.760000 0.001875 0.001667
0 0.778438 0.758750 0.000625 0.000833
0 0.227500 0.761667 0.005000 0.006667
0 0.758750 0.759167 0.003750 0.005000
0 0.775625 0.755833 0.003750 0.005000
0 0.694375 0.755000 0.002500 0.003333
0 0.495000 0.752917 0.002500 0.002500
0 0.349375 0.741667 0.001250 0.001667
0 0.714688 0.742083 0.003125 0.004167
0 0.349062 0.739583 0.000625 0.000833
0 0.114687 0.737917 0.004375 0.005833
0 0.247188 0.737917 0.004375 0.007500
0 0.969375 0.734167 0.001250 0.001667
0 0.703438 0.735833 0.005625 0.005000
0 0.516563 0.736667 0.001875 0.006667
0 0.233750 0.731250 0.003750 0.005833
0 0.772500 0.729167 0.003750 0.003333
0 0.231563 0.727083 0.001875 0.002500
0 0.896250 0.727083 0.003750 0.004167
0 0.869375 0.727500 0.002500 0.005000
0 0.246562 0.727083 0.003125 0.004167
0 0.230937 0.724583 0.000625 0.000833
0 0.216250 0.727083 0.002500 0.005833
0 0.230937 0.722917 0.000625 0.000833
0 0.390000 0.721250 0.002500 0.004167
0 0.310937 0.712917 0.000625 0.002500
0 0.211562 0.702917 0.003125 0.004167
0 0.220938 0.698750 0.000625 0.000833
0 0.222188 0.697917 0.000625 0.000833
0 0.219688 0.697083 0.000625 0.000833
0 0.693438 0.697500 0.001875 0.003333
0 0.049688 0.697083 0.001875 0.004167
0 0.889375 0.691667 0.002500 0.005000
0 0.233125 0.689167 0.001250 0.001667
0 0.576562 0.688333 0.004375 0.006667
0 0.099062 0.686667 0.001875 0.003333
0 0.754375 0.685833 0.002500 0.003333
0 0.447813 0.685833 0.001875 0.003333
0 0.114375 0.684583 0.001250 0.000833
0 0.229687 0.684583 0.001875 0.002500
0 0.667500 0.684583 0.002500 0.004167
0 0.004375 0.674167 0.001250 0.001667
0 0.180000 0.672917 0.002500 0.004167
0 0.045625 0.672917 0.002500 0.004167
0 0.099375 0.670833 0.001250 0.003333
0 0.251250 0.670417 0.006250 0.007500
0 0.784375 0.664167 0.002500 0.005000
0 0.166250 0.665000 0.005000 0.006667
0 0.695312 0.661250 0.001875 0.007500
0 0.289687 0.659167 0.004375 0.006667
0 0.877188 0.657083 0.005625 0.005833
0 0.000625 0.655833 0.001250 0.006667
0 0.146563 0.650833 0.001875 0.003333
0 0.415938 0.649583 0.003125 0.007500
0 0.040938 0.645417 0.000625 0.000833
0 0.038750 0.641250 0.001250 0.000833
0 0.251250 0.638750 0.001250 0.002500
0 0.189688 0.635417 0.003125 0.004167
0 0.777188 0.632917 0.001875 0.004167
0 0.095312 0.632917 0.003125 0.007500
0 0.009062 0.627083 0.006875 0.007500
0 0.743437 0.625417 0.003125 0.005833
0 0.000937 0.624583 0.001875 0.004167
0 0.221562 0.623333 0.005625 0.005000
0 0.014063 0.619583 0.001875 0.002500
0 0.885000 0.617917 0.001250 0.000833
0 0.246250 0.618750 0.005000 0.007500
0 0.200000 0.615000 0.006250 0.008333
0 0.121563 0.610000 0.001875 0.003333
0 0.019375 0.607083 0.005000 0.005833
0 0.666562 0.603333 0.003125 0.011667
0 0.529687 0.598750 0.004375 0.004167
0 0.745000 0.594167 0.003750 0.003333
0 0.671562 0.587083 0.000625 0.000833
0 0.824688 0.585833 0.001875 0.001667
0 0.156875 0.585417 0.001250 0.000833
0 0.177500 0.581250 0.002500 0.002500
0 0.377812 0.582500 0.004375 0.006667
0 0.214688 0.580417 0.004375 0.005833
0 0.083437 0.577083 0.003125 0.004167
0 0.423125 0.573333 0.002500 0.001667
0 0.083437 0.572917 0.000625 0.000833
0 0.680937 0.571667 0.001875 0.003333
0 0.614062 0.561250 0.001875 0.002500
0 0.829375 0.562083 0.003750 0.005833
0 0.631250 0.558750 0.002500 0.002500
0 0.069062 0.558750 0.001875 0.002500
0 0.785000 0.557083 0.002500 0.004167
0 0.716875 0.554583 0.001250 0.000833
0 0.760938 0.553750 0.003125 0.004167
0 0.200625 0.552083 0.002500 0.004167
0 0.336562 0.550833 0.003125 0.006667
0 0.286250 0.540000 0.002500 0.003333
0 0.323125 0.537917 0.001250 0.002500
0 0.320937 0.536250 0.000625 0.000833
0 0.078125 0.537083 0.003750 0.004167
0 0.179063 0.533750 0.000625 0.000833
0 0.999687 0.531250 0.000625 0.000833
0 0.329375 0.533333 0.005000 0.006667
0 0.997500 0.530000 0.002500 0.003333
0 0.679375 0.530833 0.001250 0.005000
0 0.225000 0.530000 0.003750 0.005000
0 0.075000 0.526250 0.002500 0.004167
0 0.690937 0.518750 0.000625 0.000833
0 0.733125 0.511667 0.001250 0.001667
0 0.255937 0.508333 0.003125 0.003333
0 0.758750 0.503333 0.003750 0.005000
0 0.325000 0.495833 0.001250 0.001667
0 0.089063 0.494583 0.000625 0.000833
0 0.750000 0.495000 0.002500 0.005000
0 0.164062 0.491667 0.003125 0.003333
0 0.185625 0.489167 0.002500 0.001667
0 0.058125 0.490833 0.002500 0.005000
0 0.082187 0.487917 0.000625 0.000833
0 0.456562 0.484583 0.000625 0.000833
0 0.005313 0.485000 0.000625 0.001667
0 0.101562 0.480000 0.005625 0.006667
0 0.000625 0.477083 0.001250 0.000833
0 0.364063 0.476667 0.001875 0.001667
0 0.747500 0.477083 0.005000 0.005833
0 0.829688 0.472917 0.001875 0.004167
0 0.312188 0.472083 0.003125 0.004167
0 0.011562 0.471667 0.004375 0.005000
0 0.141250 0.470417 0.003750 0.004167
0 0.151562 0.466667 0.003125 0.005000
0 0.725625 0.465000 0.003750 0.003333
0 0.710938 0.445417 0.000625 0.002500
0 0.511250 0.446250 0.002500 0.004167
0 0.223750 0.444583 0.002500 0.002500
0 0.912500 0.442917 0.003750 0.004167
0 0.417187 0.442917 0.004375 0.005833
0 0.564375 0.440000 0.005000 0.006667
0 0.738750 0.438333 0.006250 0.008333
0 0.004687 0.433333 0.000625 0.001667
0 0.103750 0.432083 0.002500 0.002500
0 0.007188 0.431667 0.001875 0.001667
0 0.815312 0.427917 0.000625 0.000833
0 0.375312 0.429583 0.004375 0.005833
0 0.048438 0.417917 0.000625 0.000833
0 0.047188 0.417083 0.000625 0.000833
0 0.089063 0.404167 0.000625 0.001667
0 0.303438 0.407083 0.005625 0.010833
0 0.846562 0.400417 0.000625 0.000833
0 0.838750 0.398333 0.002500 0.003333
0 0.736875 0.394583 0.001250 0.002500
0 0.120625 0.391667 0.002500 0.003333
0 0.845000 0.390000 0.002500 0.003333
0 0.494375 0.390833 0.003750 0.005000
0 0.902813 0.386250 0.001875 0.002500
0 0.757188 0.387917 0.003125 0.005833
0 0.024375 0.383750 0.001250 0.000833
0 0.027187 0.380833 0.004375 0.005000
0 0.777188 0.378750 0.001875 0.004167
0 0.620000 0.376667 0.005000 0.003333
0 0.578750 0.374583 0.001250 0.000833
0 0.126562 0.373750 0.005625 0.004167
0 0.580313 0.372083 0.001875 0.002500
0 0.130312 0.371250 0.000625 0.000833
0 0.607812 0.372500 0.005625 0.005000
0 0.303438 0.370000 0.004375 0.003333
0 0.151250 0.364167 0.002500 0.001667
0 0.799687 0.360417 0.000625 0.000833
0 0.372812 0.356250 0.000625 0.000833
0 0.376563 0.357500 0.003125 0.005000
0 0.357812 0.357083 0.005625 0.005833
0 0.799375 0.354167 0.005000 0.003333
0 0.165000 0.353333 0.003750 0.005000
0 0.635312 0.352500 0.003125 0.005000
0 0.033438 0.351250 0.004375 0.005833
0 0.018437 0.349583 0.001875 0.005833
0 0.044687 0.348333 0.004375 0.010000
0 0.198750 0.344167 0.002500 0.003333
0 0.081250 0.345833 0.005000 0.006667
0 0.963437 0.342917 0.006875 0.005833
0 0.022187 0.335833 0.000625 0.001667
0 0.347813 0.336250 0.004375 0.004167
0 0.350313 0.333333 0.001875 0.001667
0 0.209063 0.332917 0.000625 0.000833
0 0.348125 0.332500 0.001250 0.001667
0 0.784375 0.329167 0.003750 0.005000
0 0.769375 0.328750 0.002500 0.004167
0 0.528438 0.328750 0.003125 0.004167
0 0.192500 0.328750 0.003750 0.005833
0 0.886563 0.327083 0.004375 0.005833
0 0.063437 0.326667 0.003125 0.005000
0 0.871250 0.323333 0.001250 0.001667
0 0.670312 0.322917 0.003125 0.005833
0 0.003438 0.323333 0.006875 0.006667
0 0.563438 0.318333 0.001875 0.003333
0 0.119688 0.318750 0.001875 0.004167
0 0.850625 0.316667 0.005000 0.003333
0 0.266250 0.314583 0.002500 0.002500
0 0.798438 0.310833 0.006875 0.008333
0 0.980000 0.307500 0.003750 0.005000
0 0.941562 0.305833 0.001875 0.001667
0 0.076250 0.305833 0.003750 0.010000
0 0.815937 0.295417 0.005625 0.007500
0 0.299375 0.291250 0.003750 0.004167
0 0.547813 0.293333 0.006875 0.010000
0 0.442188 0.289583 0.004375 0.005833
0 0.285625 0.291667 0.006250 0.010000
0 0.407187 0.286667 0.004375 0.008333
0 0.858125 0.277917 0.006250 0.010833
0 0.858125 0.270833 0.002500 0.001667
0 0.085625 0.271667 0.003750 0.003333
0 0.822500 0.267500 0.001250 0.001667
0 0.844688 0.267083 0.004375 0.002500
0 0.827187 0.264583 0.000625 0.000833
0 0.170625 0.261250 0.001250 0.000833
0 0.169063 0.261250 0.000625 0.000833
0 0.322188 0.259583 0.003125 0.004167
0 0.872188 0.253750 0.003125 0.002500
0 0.176250 0.253333 0.002500 0.003333
0 0.758125 0.252083 0.002500 0.002500
0 0.745625 0.244167 0.005000 0.005000
0 0.860938 0.243750 0.003125 0.005833
0 0.488750 0.241250 0.002500 0.000833
0 0.209687 0.231667 0.000625 0.001667
0 0.426875 0.226667 0.001250 0.001667
0 0.311875 0.222083 0.001250 0.000833
0 0.233437 0.223750 0.004375 0.005833
0 0.059687 0.220833 0.000625 0.001667
0 0.414062 0.214583 0.000625 0.000833
0 0.740625 0.214167 0.006250 0.008333
0 0.032500 0.211667 0.005000 0.003333
0 0.539375 0.205000 0.001250 0.001667
0 0.033438 0.201667 0.005625 0.006667
0 0.970000 0.194167 0.002500 0.003333
0 0.930000 0.187917 0.003750 0.004167
0 0.080312 0.186250 0.005625 0.005833
0 0.417187 0.182083 0.001875 0.002500
0 0.640938 0.179167 0.000625 0.001667
0 0.615625 0.177917 0.002500 0.002500
0 0.641563 0.176250 0.000625 0.000833
0 0.009687 0.173750 0.003125 0.002500
0 0.021562 0.171250 0.000625 0.000833
0 0.021562 0.173333 0.005625 0.005000
0 0.722187 0.171667 0.001875 0.003333
0 0.807813 0.172083 0.005625 0.007500
0 0.463438 0.169167 0.004375 0.003333
0 0.025625 0.169167 0.006250 0.005000
0 0.176875 0.160000 0.003750 0.005000
0 0.340000 0.159167 0.005000 0.005000
0 0.698438 0.155417 0.000625 0.000833
0 0.295938 0.157917 0.006875 0.007500
0 0.180938 0.152083 0.000625 0.000833
0 0.182188 0.151250 0.000625 0.000833
0 0.172187 0.150417 0.000625 0.000833
0 0.113750 0.151250 0.002500 0.002500
0 0.177500 0.151250 0.005000 0.004167
0 0.185938 0.142083 0.000625 0.000833
0 0.166563 0.137500 0.000625 0.003333
0 0.866250 0.136667 0.002500 0.005000
0 0.186562 0.141250 0.003125 0.014167
0 0.170000 0.129583 0.001250 0.002500
0 0.633750 0.129583 0.003750 0.004167
0 0.168750 0.137083 0.003750 0.019167
0 0.483438 0.127083 0.000625 0.000833
0 0.185312 0.128750 0.003125 0.004167
0 0.182188 0.126250 0.000625 0.000833
0 0.172813 0.123750 0.004375 0.005833
0 0.179375 0.121667 0.005000 0.003333
0 0.053437 0.117500 0.000625 0.001667
0 0.034688 0.117500 0.001875 0.003333
0 0.610000 0.116250 0.002500 0.005833
0 0.791250 0.110833 0.001250 0.001667
0 0.693125 0.109167 0.003750 0.005000
0 0.463438 0.092083 0.000625 0.000833
0 0.061875 0.093333 0.003750 0.005000
0 0.213125 0.082500 0.001250 0.001667
0 0.981250 0.080833 0.001250 0.001667
0 0.085625 0.082083 0.005000 0.005833
0 0.399375 0.077917 0.003750 0.004167
0 0.179375 0.070833 0.001250 0.001667
0 0.113437 0.072083 0.003125 0.005833
0 0.115937 0.066250 0.000625 0.000833
0 0.063750 0.066250 0.001250 0.000833
0 0.145625 0.066667 0.002500 0.003333
0 0.125938 0.067083 0.003125 0.004167
0 0.989688 0.057500 0.000625 0.001667
0 0.219375 0.059583 0.002500 0.005833
0 0.691562 0.056667 0.000625 0.001667
0 0.809688 0.052083 0.003125 0.004167
0 0.225000 0.049167 0.001250 0.001667
0 0.123438 0.050000 0.003125 0.005000
0 0.699688 0.046250 0.000625 0.000833
0 0.174687 0.046250 0.000625 0.000833
0 0.696250 0.046250 0.002500 0.002500
0 0.245938 0.040417 0.001875 0.002500
0 0.529062 0.042083 0.003125 0.007500
0 0.329062 0.039167 0.001875 0.001667
0 0.203437 0.040417 0.004375 0.004167
0 0.244062 0.037917 0.000625 0.000833
0 0.537188 0.036667 0.000625 0.001667
0 0.542813 0.032083 0.000625 0.000833
0 0.299687 0.032917 0.004375 0.005833
0 0.538750 0.030000 0.002500 0.003333
0 0.543750 0.029167 0.006250 0.005000
0 0.163438 0.025417 0.000625 0.000833
0 0.103750 0.022500 0.005000 0.008333
0 0.720000 0.016667 0.001250 0.001667
0 0.074063 0.015417 0.000625 0.000833
0 0.724063 0.015000 0.001875 0.003333
0 0.021250 0.014167 0.003750 0.003333
0 0.024063 0.011250 0.000625 0.000833
0 0.452188 0.007917 0.000625 0.000833
0 0.665312 0.007083 0.000625 0.000833
0 0.446875 0.007917 0.006250 0.004167
0 0.115312 0.009583 0.003125 0.007500
0 0.041250 0.009167 0.005000 0.006667
0 0.703750 0.006250 0.002500 0.002500
0 0.784687 0.005417 0.000625 0.002500
0 0.783438 0.005000 0.000625 0.001667
0 0.407813 0.006250 0.003125 0.004167
0 0.064687 0.007500 0.005625 0.006667