0 0.220625 0.997917 0.003750 0.004167
0 0.039375 0.995833 0.008750 0.008333
0 0.281562 0.981250 0.000625 0.002500
0 0.102188 0.975833 0.019375 0.013333
0 0.345625 0.965833 0.003750 0.005000
0 0.281875 0.970417 0.005000 0.014167
0 0.117813 0.963333 0.005625 0.008333
0 0.271562 0.957083 0.003125 0.002500
0 0.100937 0.959167 0.009375 0.008333
0 0.108125 0.941667 0.003750 0.005000
0 0.170000 0.932500 0.020000 0.021667
0 0.076875 0.928750 0.010000 0.014167
0 0.429063 0.924167 0.009375 0.013333
0 0.222812 0.921250 0.003125 0.007500
0 0.825313 0.909583 0.000625 0.000833
0 0.377812 0.908750 0.000625 0.000833
0 0.221250 0.912083 0.003750 0.009167
0 0.827187 0.907083 0.000625 0.000833
0 0.165313 0.905833 0.001875 0.001667
0 0.826250 0.904167 0.001250 0.001667
0 0.377188 0.902500 0.001875 0.001667
0 0.403125 0.902500 0.005000 0.005000
0 0.369688 0.897083 0.000625 0.000833
0 0.164375 0.897917 0.007500 0.005833
0 0.083437 0.895000 0.003125 0.005000
0 0.226875 0.889583 0.002500 0.005833
0 0.370625 0.890417 0.003750 0.009167
0 0.373125 0.885833 0.001250 0.001667
0 0.374688 0.884583 0.000625 0.000833
0 0.412187 0.880000 0.000625 0.001667
0 0.415000 0.873750 0.005000 0.005833
0 0.046875 0.864583 0.008750 0.015833
0 0.097187 0.849583 0.000625 0.000833
0 0.090938 0.847500 0.000625 0.001667
0 0.100937 0.850000 0.005625 0.008333
0 0.096250 0.841250 0.003750 0.002500
0 0.096562 0.837083 0.000625 0.000833
0 0.090313 0.838333 0.003125 0.003333
0 0.179375 0.831667 0.003750 0.005000
0 0.183125 0.825833 0.003750 0.008333
0 0.218125 0.826250 0.011250 0.012500
0 0.107813 0.818333 0.006875 0.005000
0 0.359375 0.810417 0.007500 0.009167
0 0.024063 0.801667 0.008125 0.008333
0 0.030625 0.792917 0.001250 0.000833
0 0.426250 0.789583 0.006250 0.009167
0 0.032813 0.787500 0.004375 0.005000
0 0.465938 0.794583 0.006875 0.020833
0 0.433125 0.778333 0.001250 0.001667
0 0.265000 0.788750 0.017500 0.024167
0 0.236250 0.783333 0.013750 0.013333
0 0.430312 0.774583 0.000625 0.000833
0 0.429063 0.771250 0.000625 0.000833
0 0.430312 0.769583 0.000625 0.000833
0 0.433125 0.771667 0.006250 0.010000
0 0.296563 0.778333 0.011875 0.031667
0 0.117813 0.757083 0.000625 0.000833
0 0.369063 0.747500 0.001875 0.001667
0 0.247188 0.754167 0.006875 0.015000
0 0.125938 0.753750 0.013125 0.014167
0 0.046562 0.754167 0.013125 0.015000
0 0.220938 0.735833 0.011875 0.008333
0 0.368437 0.737083 0.006875 0.017500
0 0.337813 0.730417 0.004375 0.007500
0 0.140937 0.733750 0.011875 0.017500
0 0.368750 0.724583 0.001250 0.002500
0 0.912188 0.719583 0.001875 0.000833
0 0.169063 0.720000 0.005625 0.008333
0 0.323125 0.715417 0.001250 0.002500
0 0.070312 0.710000 0.005625 0.005000
0 0.172500 0.711250 0.005000 0.009167
0 0.385937 0.704583 0.000625 0.000833
0 0.389688 0.704583 0.005625 0.005833
0 0.117813 0.697083 0.001875 0.004167
0 0.144063 0.692917 0.003125 0.005833
0 0.150312 0.692083 0.013125 0.015833
0 0.114375 0.685000 0.008750 0.018333
0 0.360312 0.681250 0.014375 0.015833
0 0.379063 0.672917 0.001875 0.002500
0 0.380937 0.671250 0.000625 0.000833
0 0.149062 0.663750 0.000625 0.000833
0 0.472500 0.677083 0.020000 0.029167
0 0.245000 0.662917 0.001250 0.002500
0 0.244688 0.660417 0.000625 0.000833
0 0.023750 0.662083 0.007500 0.009167
0 0.240937 0.654167 0.001875 0.001667
0 0.362812 0.658333 0.019375 0.011667
0 0.264688 0.657500 0.009375 0.011667
0 0.150625 0.658333 0.012500 0.021667
0 0.244688 0.620833 0.001875 0.001667
0 0.337187 0.618333 0.004375 0.001667
0 0.178125 0.622500 0.008750 0.010000
0 0.338750 0.616250 0.001250 0.000833
0 0.244375 0.615000 0.001250 0.001667
0 0.249688 0.618333 0.009375 0.015000
0 0.046250 0.612500 0.005000 0.005000
0 0.510312 0.609167 0.009375 0.026667
0 0.262813 0.589167 0.008125 0.011667
0 0.654062 0.559583 0.003125 0.007500
0 0.296250 0.564167 0.007500 0.021667
0 0.685312 0.549583 0.000625 0.000833
0 0.156562 0.551250 0.010625 0.007500
0 0.686562 0.547500 0.001875 0.001667
0 0.687187 0.540417 0.000625 0.000833
0 0.104063 0.536667 0.003125 0.005000
0 0.666875 0.536667 0.006250 0.010000
0 0.219688 0.537083 0.019375 0.012500
0 0.680312 0.522083 0.005625 0.009167
0 0.041563 0.503333 0.003125 0.003333
0 0.061250 0.495000 0.002500 0.005000
0 0.547500 0.495833 0.005000 0.010000
0 0.550937 0.491667 0.001875 0.005000
0 0.692813 0.488750 0.009375 0.012500
0 0.726875 0.485000 0.006250 0.008333
0 0.512813 0.471667 0.000625 0.001667
0 0.515625 0.473750 0.008750 0.017500
0 0.756875 0.438333 0.001250 0.001667
0 0.759375 0.437917 0.002500 0.005833
0 0.191562 0.435417 0.001875 0.002500
0 0.193438 0.433750 0.000625 0.000833
0 0.760625 0.433750 0.003750 0.005833
0 0.270313 0.433333 0.003125 0.005000
0 0.160625 0.434167 0.008750 0.010000
0 0.196563 0.429167 0.003125 0.005000
0 0.288438 0.425833 0.003125 0.001667
0 0.281250 0.424583 0.002500 0.002500
0 0.000313 0.422917 0.000625 0.007500
0 0.299063 0.417500 0.003125 0.005000
0 0.273438 0.415833 0.001875 0.001667
0 0.272500 0.412083 0.001250 0.000833
0 0.300625 0.412083 0.001250 0.002500
0 0.271875 0.410417 0.001250 0.000833
0 0.272188 0.406250 0.000625 0.000833
0 0.303125 0.407083 0.001250 0.004167
0 0.588125 0.407500 0.008750 0.013333
0 0.270937 0.401667 0.003125 0.003333
0 0.541250 0.406250 0.006250 0.015833
0 0.301250 0.395417 0.001250 0.000833
0 0.291250 0.405417 0.010000 0.020833
0 0.272500 0.394583 0.005000 0.005833
0 0.300938 0.392083 0.001875 0.004167
0 0.299687 0.388750 0.000625 0.000833
0 0.279062 0.386250 0.000625 0.000833
0 0.274687 0.386250 0.000625 0.000833
0 0.211250 0.388333 0.008750 0.006667
0 0.295625 0.385417 0.005000 0.004167
0 0.277187 0.385000 0.003125 0.003333
0 0.290938 0.382917 0.001875 0.000833
0 0.290938 0.380833 0.001875 0.001667
0 0.282813 0.382083 0.006875 0.005833
0 0.045625 0.379167 0.012500 0.016667
0 0.743750 0.377083 0.008750 0.015833
0 0.321875 0.392500 0.037500 0.051667
0 0.874687 0.365417 0.000625 0.000833
0 0.873437 0.367500 0.003125 0.005000
0 0.874062 0.362083 0.000625 0.000833
0 0.880938 0.362083 0.003125 0.004167
0 0.845938 0.371667 0.006875 0.025000
0 0.083437 0.368333 0.005625 0.018333
0 0.488125 0.364167 0.013750 0.011667
0 0.147813 0.367917 0.009375 0.020833
0 0.883437 0.357500 0.001875 0.005000
0 0.588437 0.348333 0.000625 0.001667
0 0.145625 0.350417 0.002500 0.005833
0 0.593437 0.338333 0.001875 0.003333
0 0.430312 0.345000 0.010625 0.016667
0 0.644062 0.334167 0.005625 0.008333
0 0.400938 0.326667 0.001875 0.001667
0 0.135625 0.334583 0.011250 0.017500
0 0.600625 0.325000 0.001250 0.001667
0 0.401250 0.324167 0.001250 0.001667
0 0.895938 0.330833 0.008125 0.016667
0 0.410313 0.320417 0.000625 0.000833
0 0.415938 0.325000 0.011875 0.013333
0 0.592500 0.331250 0.013750 0.030833
0 0.405625 0.319167 0.007500 0.008333
0 0.964688 0.314583 0.000625 0.000833
0 0.068437 0.314583 0.003125 0.002500
0 0.965313 0.312083 0.000625 0.000833
0 0.955937 0.312500 0.001875 0.003333
0 0.196875 0.317083 0.006250 0.012500
0 0.956562 0.309167 0.000625 0.001667
0 0.972187 0.305000 0.000625 0.001667
0 0.958750 0.305000 0.002500 0.003333
0 0.961250 0.302083 0.001250 0.002500
0 0.646563 0.288333 0.004375 0.005000
0 0.360000 0.290000 0.010000 0.010000
0 0.637188 0.281250 0.003125 0.002500
0 0.409687 0.274583 0.004375 0.005833
0 0.619375 0.274167 0.012500 0.020000
0 0.379375 0.265000 0.001250 0.001667
0 0.385625 0.262083 0.006250 0.005833
0 0.980938 0.259583 0.001875 0.002500
0 0.076250 0.237083 0.007500 0.010833
0 0.664375 0.230833 0.001250 0.001667
0 0.662813 0.226667 0.001875 0.001667
0 0.661250 0.227083 0.005000 0.004167
0 0.668125 0.221250 0.003750 0.002500
0 0.009062 0.229583 0.010625 0.020833
0 0.871250 0.226250 0.012500 0.015833
0 0.671562 0.218333 0.000625 0.001667
0 0.673125 0.215833 0.002500 0.001667
0 0.999062 0.215417 0.001875 0.002500
0 0.675937 0.211250 0.001875 0.005833
0 0.921250 0.209583 0.008750 0.015833
0 0.007812 0.188750 0.000625 0.000833
0 0.008438 0.187083 0.000625 0.000833
0 0.533125 0.193333 0.015000 0.015000
0 0.009687 0.183333 0.001875 0.005000
0 0.570000 0.180417 0.012500 0.014167
0 0.361250 0.178333 0.010000 0.010000
0 0.029687 0.183750 0.013125 0.020833
0 0.000313 0.162917 0.000625 0.000833
0 0.550312 0.165833 0.014375 0.008333
0 0.000313 0.161250 0.000625 0.000833
0 0.015000 0.167917 0.006250 0.015833
0 0.560000 0.160833 0.003750 0.003333
0 0.562500 0.157500 0.001250 0.001667
0 0.846250 0.155833 0.001250 0.001667
0 0.560937 0.153750 0.000625 0.000833
0 0.852187 0.151250 0.000625 0.000833
0 0.380625 0.153750 0.006250 0.005833
0 0.615938 0.152083 0.004375 0.005833
0 0.020000 0.153750 0.002500 0.009167
0 0.870313 0.147083 0.000625 0.000833
0 0.855313 0.149583 0.004375 0.005833
0 0.854688 0.147083 0.000625 0.000833
0 0.617188 0.147083 0.000625 0.000833
0 0.615938 0.147083 0.000625 0.000833
0 0.889062 0.145417 0.000625 0.000833
0 0.023125 0.145833 0.001250 0.001667
0 0.882188 0.138750 0.001875 0.002500
0 0.198125 0.146667 0.015000 0.021667
0 0.060312 0.122500 0.000625 0.001667
0 0.913438 0.122917 0.001875 0.004167
0 0.054688 0.127083 0.003125 0.012500
0 0.920000 0.121667 0.002500 0.003333
0 0.611563 0.117917 0.000625 0.000833
0 0.466875 0.123750 0.020000 0.015833
0 0.916875 0.115833 0.003750 0.003333
0 0.216875 0.119167 0.008750 0.010000
0 0.922500 0.114167 0.005000 0.005000
0 0.494688 0.115417 0.009375 0.010833
0 0.618437 0.115833 0.014375 0.013333
0 0.270000 0.143333 0.035000 0.068333
0 0.923438 0.109167 0.001875 0.001667
0 0.060625 0.108750 0.002500 0.004167
0 0.922813 0.106250 0.001875 0.002500
0 0.665000 0.116667 0.012500 0.023333
0 0.032813 0.120000 0.014375 0.031667
0 0.072813 0.110000 0.009375 0.021667
0 0.035937 0.099583 0.001875 0.002500
0 0.155312 0.093333 0.005625 0.006667
0 0.516250 0.091250 0.005000 0.005833
0 0.509375 0.088750 0.001250 0.000833
0 0.285625 0.094167 0.012500 0.015000
0 0.150938 0.088750 0.003125 0.005833
0 0.107813 0.089583 0.014375 0.012500
0 0.014063 0.086250 0.003125 0.005833
0 0.851875 0.079583 0.007500 0.010833
0 0.144375 0.067500 0.003750 0.008333
0 0.039062 0.059167 0.001875 0.003333
0 0.194688 0.059167 0.005625 0.006667
0 0.809063 0.055417 0.000625 0.000833
0 0.809063 0.053750 0.000625 0.000833
0 0.884062 0.055417 0.010625 0.017500
0 0.508125 0.043750 0.002500 0.002500
0 0.849688 0.044167 0.011875 0.011667
0 0.249062 0.038750 0.000625 0.000833
0 0.021250 0.037083 0.005000 0.005833
0 0.924375 0.035417 0.005000 0.007500
0 0.929688 0.032500 0.005625 0.006667
0 0.541562 0.035417 0.010625 0.012500
0 0.518125 0.034167 0.012500 0.011667
0 0.936875 0.027500 0.001250 0.003333
0 0.938750 0.020000 0.002500 0.005000
0 0.101562 0.021250 0.006875 0.010833
0 0.998437 0.021250 0.003125 0.014167
0 0.251563 0.024583 0.009375 0.022500
0 0.930625 0.012083 0.003750 0.004167
0 0.933438 0.009167 0.001875 0.001667
0 0.876250 0.007917 0.002500 0.002500
0 0.874062 0.006250 0.000625 0.000833
0 0.946562 0.010417 0.005625 0.010833
0 0.489687 0.011250 0.014375 0.020833
0 0.880938 0.000417 0.000625 0.000833
0 0.453750 0.005833 0.013750 0.011667