0 0.948750 0.992083 0.002500 0.002500
0 0.689063 0.991250 0.000625 0.000833
0 0.803750 0.992917 0.003750 0.007500
0 0.685937 0.991667 0.004375 0.006667
0 0.630625 0.987917 0.001250 0.002500
0 0.755313 0.992083 0.018125 0.015833
0 0.296250 0.991250 0.008750 0.017500
0 0.947812 0.981667 0.004375 0.005000
0 0.414375 0.980833 0.007500 0.006667
0 0.407813 0.980833 0.004375 0.006667
0 0.648438 0.984583 0.019375 0.020833
0 0.140313 0.986250 0.013125 0.027500
0 0.790312 0.974583 0.004375 0.005833
0 0.171250 0.980833 0.016250 0.021667
0 0.939688 0.975417 0.006875 0.014167
0 0.075938 0.970833 0.001875 0.005000
0 0.620938 0.968333 0.001875 0.003333
0 0.065312 0.971667 0.005625 0.010000
0 0.675000 0.966667 0.002500 0.003333
0 0.297812 0.966250 0.004375 0.005833
0 0.787500 0.970417 0.015000 0.022500
0 0.731875 0.970000 0.021250 0.026667
0 0.765312 0.967500 0.015625 0.023333
0 0.624687 0.958750 0.014375 0.012500
0 0.575313 0.952083 0.000625 0.000833
0 0.065000 0.954167 0.006250 0.005000
0 0.575313 0.950417 0.000625 0.000833
0 0.666562 0.951667 0.001875 0.005000
0 0.996875 0.952500 0.002500 0.008333
0 0.578125 0.955000 0.016250 0.021667
0 0.670625 0.943750 0.005000 0.005833
0 0.679375 0.941667 0.006250 0.006667
0 0.752500 0.935833 0.005000 0.005000
0 0.756563 0.932917 0.000625 0.000833
0 0.394688 0.932500 0.000625 0.001667
0 0.797188 0.937917 0.011875 0.019167
0 0.426250 0.927500 0.006250 0.005000
0 0.514062 0.927083 0.005625 0.005833
0 0.485625 0.926250 0.003750 0.007500
0 0.571562 0.915833 0.001875 0.001667
0 0.522500 0.915417 0.010000 0.017500
0 0.890312 0.917500 0.013125 0.028333
0 0.179375 0.905833 0.013750 0.010000
0 0.675625 0.910000 0.021250 0.021667
0 0.458437 0.901250 0.004375 0.005833
0 0.460313 0.897083 0.000625 0.000833
0 0.492188 0.892917 0.000625 0.000833
0 0.493437 0.892083 0.000625 0.000833
0 0.079687 0.892083 0.000625 0.000833
0 0.893750 0.891667 0.002500 0.003333
0 0.461875 0.893750 0.007500 0.007500
0 0.734688 0.889583 0.000625 0.000833
0 0.077188 0.891250 0.003125 0.004167
0 0.482187 0.888750 0.000625 0.000833
0 0.480938 0.888750 0.000625 0.000833
0 0.764687 0.887917 0.000625 0.000833
0 0.736563 0.888333 0.001875 0.001667
0 0.141875 0.887917 0.002500 0.002500
0 0.900625 0.887500 0.003750 0.003333
0 0.794375 0.885833 0.001250 0.003333
0 0.792188 0.884583 0.000625 0.000833
0 0.700937 0.884583 0.000625 0.000833
0 0.691875 0.885417 0.008750 0.004167
0 0.575000 0.887500 0.006250 0.010000
0 0.704063 0.882500 0.001875 0.001667
0 0.923750 0.895833 0.033750 0.031667
0 0.144063 0.880417 0.000625 0.000833
0 0.756563 0.879583 0.000625 0.000833
0 0.657188 0.882500 0.023125 0.013333
0 0.881875 0.877500 0.011250 0.005000
0 0.814063 0.879583 0.033125 0.012500
0 0.556562 0.878750 0.006875 0.010833
0 0.473750 0.870000 0.001250 0.001667
0 0.368437 0.870833 0.031875 0.006667
0 0.769062 0.877083 0.025625 0.020833
0 0.388437 0.867500 0.001875 0.001667
0 0.183750 0.871667 0.012500 0.013333
0 0.476562 0.865417 0.005625 0.002500
0 0.319375 0.862083 0.001250 0.004167
0 0.479687 0.859583 0.000625 0.000833
0 0.640938 0.867500 0.013125 0.021667
0 0.470625 0.857917 0.007500 0.007500
0 0.160938 0.867500 0.011875 0.028333
0 0.733750 0.853333 0.003750 0.003333
0 0.730313 0.851250 0.000625 0.000833
0 0.728437 0.851250 0.001875 0.002500
0 0.721875 0.847917 0.001250 0.000833
0 0.539062 0.848333 0.000625 0.001667
0 0.461562 0.855000 0.006875 0.015000
0 0.329062 0.849167 0.001875 0.003333
0 0.716562 0.847917 0.004375 0.002500
0 0.473125 0.847500 0.001250 0.001667
0 0.939063 0.850417 0.001875 0.009167
0 0.649687 0.847500 0.009375 0.006667
0 0.582500 0.853750 0.012500 0.022500
0 0.545312 0.845000 0.004375 0.005000
0 0.607812 0.852500 0.015625 0.023333
0 0.068750 0.840833 0.001250 0.001667
0 0.539375 0.840417 0.003750 0.004167
0 0.070312 0.837500 0.000625 0.003333
0 0.540937 0.835833 0.001875 0.001667
0 0.279687 0.832083 0.000625 0.000833
0 0.276562 0.833750 0.005625 0.004167
0 0.667188 0.829583 0.000625 0.000833
0 0.229375 0.837917 0.011250 0.017500
0 0.549375 0.834167 0.006250 0.011667
0 0.543750 0.831667 0.003750 0.006667
0 0.703125 0.832500 0.018750 0.013333
0 0.491875 0.827917 0.006250 0.004167
0 0.289062 0.827917 0.013125 0.004167
0 0.821562 0.825833 0.000625 0.001667
0 0.820000 0.825833 0.001250 0.001667
0 0.933438 0.827917 0.009375 0.012500
0 0.115937 0.830417 0.011875 0.017500
0 0.918125 0.817500 0.002500 0.003333
0 0.734062 0.817500 0.001875 0.003333
0 0.381250 0.815833 0.002500 0.003333
0 0.920625 0.814167 0.001250 0.001667
0 0.821250 0.815417 0.002500 0.004167
0 0.929688 0.813333 0.004375 0.003333
0 0.689063 0.812083 0.000625 0.000833
0 0.600938 0.817917 0.011875 0.014167
0 0.674375 0.820000 0.023750 0.020000
0 0.430937 0.818333 0.011875 0.021667
0 0.736250 0.809167 0.002500 0.005000
0 0.456250 0.808750 0.002500 0.004167
0 0.723125 0.814583 0.005000 0.017500
0 0.645625 0.812500 0.020000 0.013333
0 0.836562 0.805833 0.000625 0.001667
0 0.759375 0.805417 0.007500 0.002500
0 0.770312 0.810417 0.026875 0.014167
0 0.616250 0.811250 0.013750 0.015833
0 0.591562 0.804583 0.004375 0.004167
0 0.475000 0.805833 0.002500 0.006667
0 0.565937 0.812500 0.011875 0.023333
0 0.730625 0.800417 0.001250 0.000833
0 0.475000 0.793750 0.003750 0.009167
0 0.839688 0.788750 0.000625 0.000833
0 0.650937 0.787917 0.001875 0.000833
0 0.883750 0.785833 0.001250 0.001667
0 0.890938 0.785417 0.001875 0.002500
0 0.855313 0.789167 0.005625 0.010000
0 0.844688 0.785833 0.005625 0.005000
0 0.600625 0.790000 0.015000 0.016667
0 0.879375 0.782083 0.001250 0.002500
0 0.764062 0.780417 0.000625 0.000833
0 0.758750 0.781250 0.002500 0.002500
0 0.890625 0.778750 0.001250 0.000833
0 0.762813 0.777917 0.000625 0.000833
0 0.781250 0.777500 0.002500 0.001667
0 0.686250 0.783333 0.057500 0.013333
0 0.822812 0.782500 0.008125 0.013333
0 0.046562 0.776250 0.000625 0.000833
0 0.458437 0.779583 0.005625 0.009167
0 0.020938 0.774583 0.000625 0.000833
0 0.874687 0.774167 0.001875 0.001667
0 0.026875 0.775417 0.010000 0.004167
0 0.819063 0.772500 0.001875 0.001667
0 0.781875 0.772500 0.002500 0.001667
0 0.780625 0.770000 0.002500 0.001667
0 0.771250 0.775833 0.015000 0.013333
0 0.461875 0.774583 0.003750 0.010833
0 0.873125 0.769583 0.003750 0.004167
0 0.860625 0.771250 0.018750 0.009167
0 0.535937 0.767083 0.000625 0.000833
0 0.028750 0.768750 0.003750 0.004167
0 0.369063 0.773750 0.011875 0.015833
0 0.954063 0.765833 0.001875 0.001667
0 0.042188 0.767083 0.013125 0.005833
0 0.856563 0.763333 0.000625 0.001667
0 0.025937 0.761250 0.003125 0.000833
0 0.846250 0.761250 0.005000 0.002500
0 0.819063 0.759583 0.000625 0.000833
0 0.971875 0.760417 0.002500 0.004167
0 0.960313 0.761250 0.004375 0.005833
0 0.821250 0.762500 0.007500 0.008333
0 0.536875 0.760417 0.003750 0.004167
0 0.337187 0.764583 0.015625 0.015833
0 0.421875 0.761667 0.013750 0.018333
0 0.209063 0.752500 0.000625 0.001667
0 0.965000 0.749583 0.007500 0.004167
0 0.935000 0.757500 0.023750 0.020000
0 0.679375 0.748750 0.001250 0.002500
0 0.970313 0.747083 0.000625 0.000833
0 0.788125 0.745417 0.002500 0.002500
0 0.685000 0.751250 0.008750 0.017500
0 0.218125 0.744167 0.007500 0.008333
0 0.761875 0.748333 0.016250 0.023333
0 0.738437 0.737083 0.000625 0.000833
0 0.563125 0.739583 0.003750 0.005833
0 0.634062 0.738333 0.004375 0.006667
0 0.725000 0.735833 0.002500 0.003333
0 0.992812 0.733750 0.000625 0.000833
0 0.716562 0.734167 0.000625 0.001667
0 0.905625 0.738750 0.017500 0.015833
0 0.730000 0.731667 0.001250 0.001667
0 0.995313 0.735833 0.009375 0.011667
0 0.990938 0.733333 0.001875 0.006667
0 0.729375 0.729167 0.001250 0.001667
0 0.530937 0.752500 0.014375 0.050000
0 0.732812 0.725417 0.000625 0.000833
0 0.724063 0.725417 0.000625 0.000833
0 0.789062 0.727917 0.009375 0.010833
0 0.485312 0.724583 0.003125 0.007500
0 0.742812 0.726250 0.006875 0.014167
0 0.807813 0.724167 0.019375 0.015000
0 0.791875 0.717083 0.006250 0.004167
0 0.872812 0.727083 0.020625 0.029167
0 0.407500 0.717917 0.015000 0.015833
0 0.361563 0.707500 0.000625 0.001667
0 0.363125 0.705000 0.001250 0.001667
0 0.354063 0.710417 0.010625 0.017500
0 0.765312 0.701667 0.000625 0.001667
0 0.982500 0.700833 0.008750 0.006667
0 0.356875 0.698750 0.001250 0.002500
0 0.353750 0.698333 0.001250 0.001667
0 0.165000 0.697083 0.002500 0.005833
0 0.998125 0.695833 0.003750 0.008333
0 0.361875 0.694167 0.006250 0.005000
0 0.814063 0.691667 0.003125 0.001667
0 0.759062 0.691250 0.000625 0.000833
0 0.760312 0.690417 0.000625 0.000833
0 0.203125 0.691250 0.001250 0.002500
0 0.164062 0.690417 0.000625 0.000833
0 0.683125 0.689167 0.001250 0.001667
0 0.489375 0.704167 0.010000 0.033333
0 0.676250 0.688333 0.002500 0.003333
0 0.766563 0.687083 0.010625 0.009167
0 0.802500 0.682917 0.005000 0.004167
0 0.776875 0.680417 0.005000 0.004167
0 0.782813 0.678750 0.001875 0.002500
0 0.863125 0.676667 0.001250 0.001667
0 0.749375 0.674583 0.001250 0.000833
0 0.307812 0.675833 0.004375 0.003333
0 0.472813 0.670833 0.004375 0.003333
0 0.301563 0.671250 0.004375 0.004167
0 0.056250 0.671250 0.003750 0.004167
0 0.463750 0.665833 0.002500 0.001667
0 0.311250 0.667917 0.011250 0.007500
0 0.651250 0.661250 0.001250 0.000833
0 0.474062 0.662083 0.001875 0.002500
0 0.055313 0.660417 0.000625 0.000833
0 0.736563 0.662083 0.006875 0.007500
0 0.229063 0.657917 0.000625 0.000833
0 0.533750 0.672917 0.007500 0.032500
0 0.474687 0.657083 0.001875 0.002500
0 0.750938 0.660000 0.006875 0.011667
0 0.051250 0.658333 0.006250 0.008333
0 0.287187 0.662917 0.010625 0.019167
0 0.833125 0.661667 0.016250 0.021667
0 0.351250 0.661667 0.015000 0.023333
0 0.977187 0.648750 0.004375 0.002500
0 0.230937 0.650000 0.001875 0.006667
0 0.564688 0.646250 0.003125 0.004167
0 0.495937 0.645833 0.003125 0.003333
0 0.228437 0.643333 0.003125 0.001667
0 0.502500 0.645417 0.007500 0.007500
0 0.225625 0.640833 0.001250 0.001667
0 0.971562 0.640000 0.003125 0.003333
0 0.570937 0.633750 0.001875 0.002500
0 0.496563 0.634583 0.003125 0.004167
0 0.411250 0.632083 0.002500 0.002500
0 0.655625 0.632500 0.003750 0.006667
0 0.565312 0.635833 0.006875 0.015000
0 0.498125 0.627917 0.001250 0.002500
0 0.497188 0.625833 0.000625 0.001667
0 0.220312 0.627500 0.004375 0.005000
0 0.497812 0.624167 0.001875 0.001667
0 0.965000 0.619583 0.001250 0.002500
0 0.722187 0.619583 0.001875 0.002500
0 0.230313 0.617083 0.000625 0.000833
0 0.648438 0.616250 0.000625 0.000833
0 0.646563 0.614583 0.000625 0.000833
0 0.659687 0.623750 0.024375 0.024167
0 0.864688 0.609583 0.000625 0.000833
0 0.865000 0.607500 0.001250 0.001667
0 0.229063 0.608333 0.005625 0.005000
0 0.879062 0.607500 0.001875 0.005000
0 0.186875 0.610000 0.005000 0.011667
0 0.946875 0.604167 0.002500 0.005000
0 0.434688 0.602083 0.000625 0.000833
0 0.748437 0.607083 0.011875 0.014167
0 0.439375 0.605833 0.007500 0.013333
0 0.434688 0.600000 0.003125 0.001667
0 0.970625 0.607500 0.018750 0.018333
0 0.431250 0.599167 0.002500 0.003333
0 0.985313 0.598750 0.006875 0.005833
0 0.951250 0.590000 0.002500 0.006667
0 0.996563 0.600833 0.006875 0.030000
0 0.006250 0.599167 0.012500 0.031667
0 0.973750 0.582500 0.013750 0.018333
0 0.887188 0.574167 0.001875 0.001667
0 0.998750 0.573750 0.002500 0.005833
0 0.957187 0.570000 0.000625 0.001667
0 0.960625 0.567917 0.002500 0.005833
0 0.893750 0.572083 0.013750 0.014167
0 0.965938 0.560000 0.003125 0.003333
0 0.275313 0.565000 0.010625 0.016667
0 0.980000 0.562083 0.007500 0.014167
0 0.892813 0.555000 0.004375 0.006667
0 0.913438 0.551250 0.000625 0.000833
0 0.922500 0.559583 0.021250 0.020833
0 0.550312 0.562083 0.013125 0.025833
0 0.963125 0.550000 0.002500 0.003333
0 0.912188 0.548750 0.004375 0.004167
0 0.514375 0.547500 0.001250 0.001667
0 0.950937 0.562500 0.018125 0.041667
0 0.996250 0.553333 0.007500 0.026667
0 0.569063 0.538750 0.000625 0.000833
0 0.959375 0.539167 0.005000 0.005000
0 0.374063 0.545417 0.008125 0.019167
0 0.972500 0.540417 0.005000 0.012500
0 0.602187 0.534583 0.003125 0.002500
0 0.263125 0.536250 0.011250 0.010833
0 0.986563 0.538750 0.011875 0.017500
0 0.520625 0.549583 0.013750 0.040833
0 0.965313 0.528333 0.001875 0.003333
0 0.966875 0.523333 0.001250 0.005000
0 0.652500 0.522917 0.002500 0.005833
0 0.968750 0.519167 0.001250 0.001667
0 0.892500 0.523333 0.011250 0.010000
0 0.822812 0.519167 0.001875 0.001667
0 0.643750 0.527917 0.016250 0.020833
0 0.822812 0.515833 0.001875 0.001667
0 0.950625 0.522083 0.016250 0.017500
0 0.650312 0.515417 0.004375 0.004167
0 0.557187 0.526250 0.010625 0.025833
0 0.928750 0.520417 0.015000 0.024167
0 0.803125 0.503750 0.001250 0.004167
0 0.940625 0.501667 0.001250 0.001667
0 0.933750 0.503750 0.007500 0.007500
0 0.801562 0.500417 0.000625 0.000833
0 0.800312 0.499583 0.000625 0.000833
0 0.987187 0.514583 0.019375 0.032500
0 0.003438 0.506250 0.006875 0.017500
0 0.509062 0.501250 0.015625 0.022500
0 0.068437 0.493750 0.008125 0.012500
0 0.874062 0.486667 0.000625 0.001667
0 0.175937 0.485417 0.000625 0.000833
0 0.178437 0.485000 0.003125 0.001667
0 0.372812 0.482917 0.000625 0.000833
0 0.807500 0.482500 0.003750 0.003333
0 0.506563 0.483750 0.005625 0.005833
0 0.379063 0.481250 0.001875 0.000833
0 0.372188 0.484167 0.004375 0.006667
0 0.885938 0.480833 0.001875 0.001667
0 0.779062 0.492917 0.016875 0.025833
0 0.514062 0.480833 0.000625 0.001667
0 0.511563 0.479583 0.001875 0.000833
0 0.506563 0.479583 0.000625 0.000833
0 0.379688 0.479583 0.000625 0.000833
0 0.888437 0.479583 0.001875 0.002500
0 0.377812 0.478750 0.000625 0.000833
0 0.464062 0.477500 0.004375 0.013333
0 0.661875 0.470417 0.001250 0.000833
0 0.938438 0.474583 0.015625 0.012500
0 0.661563 0.468750 0.000625 0.000833
0 0.918750 0.475833 0.011250 0.016667
0 0.876563 0.468333 0.000625 0.001667
0 0.729688 0.477500 0.019375 0.020000
0 0.194062 0.475417 0.011875 0.017500
0 0.170000 0.471667 0.015000 0.021667
0 0.661563 0.462500 0.005625 0.005000
0 0.169063 0.458750 0.001875 0.000833
0 0.080312 0.465833 0.010625 0.015000
0 0.609375 0.467083 0.016250 0.019167
0 0.976875 0.465000 0.015000 0.016667
0 0.150625 0.464583 0.013750 0.015833
0 0.995938 0.462083 0.008125 0.017500
0 0.661563 0.453750 0.001875 0.000833
0 0.165313 0.454583 0.001875 0.002500
0 0.963750 0.450417 0.003750 0.004167
0 0.968750 0.447500 0.001250 0.001667
0 0.034375 0.447500 0.001250 0.001667
0 0.943750 0.451667 0.016250 0.011667
0 0.914375 0.453333 0.022500 0.015000
0 0.959063 0.448333 0.003125 0.006667
0 0.024688 0.447500 0.003125 0.005000
0 0.523125 0.445833 0.005000 0.005000
0 0.035000 0.443750 0.001250 0.002500
0 0.020625 0.440833 0.001250 0.001667
0 0.519062 0.440833 0.001875 0.003333
0 0.960625 0.439583 0.001250 0.002500
0 0.509375 0.451667 0.008750 0.026667
0 0.992500 0.440000 0.015000 0.015000
0 0.527188 0.432917 0.000625 0.000833
0 0.658750 0.430417 0.002500 0.002500
0 0.948125 0.435833 0.017500 0.015000
0 0.030000 0.432500 0.011250 0.016667
0 0.525937 0.420000 0.001875 0.001667
0 0.020938 0.421250 0.001875 0.004167
0 0.692187 0.422083 0.006875 0.007500
0 0.962812 0.417500 0.000625 0.001667
0 0.921875 0.425000 0.010000 0.016667
0 0.809063 0.418333 0.001875 0.003333
0 0.698750 0.416667 0.003750 0.005000
0 0.978437 0.421667 0.020625 0.016667
0 0.936562 0.418750 0.009375 0.010833
0 0.193438 0.417917 0.010625 0.012500
0 0.835625 0.423750 0.015000 0.025833
0 0.122188 0.412083 0.003125 0.002500
0 0.210000 0.416667 0.010000 0.013333
0 0.124063 0.410833 0.000625 0.001667
0 0.957812 0.412500 0.003125 0.008333
0 0.417187 0.414583 0.006875 0.012500
0 0.198750 0.410417 0.005000 0.005833
0 0.195937 0.407917 0.000625 0.000833
0 0.955937 0.407500 0.000625 0.001667
0 0.890938 0.406250 0.000625 0.000833
0 0.405000 0.407083 0.001250 0.002500
0 0.124063 0.406250 0.000625 0.000833
0 0.205313 0.407917 0.004375 0.005833
0 0.405625 0.404583 0.001250 0.000833
0 0.878125 0.404167 0.001250 0.001667
0 0.773750 0.433333 0.048750 0.065000
0 0.115312 0.400000 0.004375 0.003333
0 0.619375 0.419583 0.057500 0.049167
0 0.411250 0.399583 0.007500 0.009167
0 0.012812 0.393750 0.011875 0.005833
0 0.990625 0.399583 0.013750 0.020833
0 0.156562 0.389583 0.000625 0.000833
0 0.752812 0.392917 0.008125 0.010833
0 0.928750 0.392500 0.016250 0.011667
0 0.618125 0.386250 0.001250 0.000833
0 0.750938 0.382917 0.000625 0.000833
0 0.498437 0.390833 0.020625 0.018333
0 0.759375 0.380000 0.001250 0.001667
0 0.618437 0.380000 0.004375 0.008333
0 0.160938 0.382083 0.010625 0.012500
0 0.020625 0.385417 0.012500 0.019167
0 0.164687 0.372917 0.000625 0.000833
0 0.964375 0.387500 0.022500 0.033333
0 0.785625 0.371667 0.002500 0.003333
0 0.586875 0.377083 0.021250 0.014167
0 0.790625 0.375000 0.012500 0.016667
0 0.989375 0.374583 0.013750 0.017500
0 0.089688 0.366250 0.000625 0.000833
0 0.925937 0.369167 0.015625 0.011667
0 0.977187 0.361250 0.000625 0.000833
0 0.619375 0.367500 0.020000 0.016667
0 0.933750 0.358333 0.002500 0.001667
0 0.090938 0.358750 0.001875 0.002500
0 0.934063 0.356250 0.000625 0.000833
0 0.971875 0.361667 0.008750 0.015000
0 0.911250 0.354167 0.001250 0.001667
0 0.912188 0.352083 0.000625 0.000833
0 0.370000 0.355417 0.007500 0.014167
0 0.592812 0.354167 0.019375 0.020000
0 0.086563 0.350833 0.005625 0.013333
0 0.250000 0.346250 0.002500 0.007500
0 0.957812 0.350417 0.016875 0.017500
0 0.940625 0.350417 0.013750 0.019167
0 0.491875 0.345833 0.005000 0.010000
0 0.660937 0.340000 0.001875 0.003333
0 0.495937 0.338333 0.000625 0.001667
0 0.176875 0.346250 0.011250 0.017500
0 0.489063 0.336667 0.005625 0.006667
0 0.675312 0.332083 0.000625 0.000833
0 0.673125 0.332500 0.002500 0.003333
0 0.378437 0.330417 0.003125 0.002500
0 0.910937 0.327500 0.001875 0.001667
0 0.985625 0.338333 0.018750 0.025000
0 0.988750 0.325833 0.001250 0.001667
0 0.962812 0.329583 0.011875 0.014167
0 0.659062 0.324167 0.001875 0.005000
0 0.456562 0.333333 0.018125 0.023333
0 0.665312 0.323333 0.008125 0.008333
0 0.939063 0.318750 0.000625 0.000833
0 0.301875 0.328750 0.012500 0.020833
0 0.944688 0.320417 0.005625 0.005833
0 0.730625 0.320417 0.003750 0.010833
0 0.997500 0.313333 0.005000 0.011667
0 0.968750 0.312500 0.012500 0.010000
0 0.948750 0.307917 0.001250 0.000833
0 0.540937 0.307500 0.001875 0.001667
0 0.948125 0.303333 0.002500 0.003333
0 0.429063 0.313750 0.011875 0.027500
0 0.480312 0.302917 0.004375 0.007500
0 0.999687 0.290417 0.000625 0.000833
0 0.913125 0.298750 0.018750 0.017500
0 0.961875 0.289167 0.010000 0.005000
0 0.442500 0.290417 0.005000 0.007500
0 0.450000 0.287083 0.002500 0.004167
0 0.980000 0.282917 0.001250 0.000833
0 0.981563 0.282083 0.000625 0.000833
0 0.929688 0.280000 0.004375 0.003333
0 0.981250 0.278333 0.002500 0.003333
0 0.438437 0.275000 0.003125 0.003333
0 0.000313 0.274167 0.000625 0.001667
0 0.460938 0.274167 0.006875 0.006667
0 0.955313 0.275417 0.018125 0.012500
0 0.930625 0.271250 0.002500 0.004167
0 0.467187 0.267083 0.000625 0.000833
0 0.434375 0.264583 0.002500 0.004167
0 0.601875 0.262500 0.001250 0.001667
0 0.441563 0.262917 0.008125 0.007500
0 0.896875 0.265833 0.013750 0.016667
0 0.992500 0.275000 0.015000 0.036667
0 0.952500 0.258333 0.016250 0.011667
0 0.591875 0.264167 0.017500 0.023333
0 0.980313 0.252500 0.003125 0.001667
0 0.974688 0.252083 0.000625 0.000833
0 0.971875 0.252083 0.002500 0.004167
0 0.044062 0.252500 0.006875 0.011667
0 0.967187 0.242083 0.006875 0.009167
0 0.969063 0.235417 0.000625 0.000833
0 0.997500 0.238750 0.005000 0.009167
0 0.918125 0.241667 0.017500 0.016667
0 0.458750 0.243750 0.015000 0.020833
0 0.450937 0.233750 0.001875 0.004167
0 0.973437 0.225417 0.000625 0.000833
0 0.444375 0.231667 0.016250 0.016667
0 0.611875 0.223333 0.006250 0.003333
0 0.873125 0.230000 0.012500 0.021667
0 0.484063 0.218750 0.000625 0.000833
0 0.939063 0.217500 0.001875 0.001667
0 0.699063 0.218333 0.001875 0.003333
0 0.485000 0.217500 0.001250 0.001667
0 0.482500 0.217500 0.001250 0.001667
0 0.395000 0.251250 0.042500 0.069167
0 0.967187 0.220417 0.010625 0.012500
0 0.981563 0.213750 0.000625 0.000833
0 0.491250 0.214167 0.001250 0.001667
0 0.935625 0.212500 0.001250 0.001667
0 0.511250 0.214583 0.002500 0.005833
0 0.489687 0.212083 0.000625 0.000833
0 0.408750 0.211250 0.002500 0.002500
0 0.445937 0.208750 0.000625 0.000833
0 0.444688 0.208750 0.000625 0.000833
0 0.700313 0.208750 0.001875 0.002500
0 0.692813 0.213333 0.011875 0.013333
0 0.547188 0.207500 0.003125 0.001667
0 0.445937 0.206250 0.000625 0.000833
0 0.529375 0.208333 0.010000 0.008333
0 0.922188 0.205833 0.004375 0.005000
0 0.840938 0.205417 0.006875 0.004167
0 0.406250 0.205000 0.003750 0.006667
0 0.486563 0.204583 0.008125 0.010833
0 0.192188 0.199583 0.000625 0.000833
0 0.190625 0.200000 0.001250 0.001667
0 0.858437 0.200833 0.014375 0.016667
0 0.665000 0.194583 0.008750 0.004167
0 0.481563 0.192500 0.003125 0.003333
0 0.725625 0.198333 0.005000 0.016667
0 0.654375 0.192500 0.003750 0.005000
0 0.867812 0.191667 0.004375 0.005000
0 0.487500 0.189583 0.001250 0.000833
0 0.827500 0.192500 0.005000 0.008333
0 0.376250 0.190417 0.006250 0.005833
0 0.659375 0.186250 0.001250 0.000833
0 0.483438 0.186250 0.000625 0.000833
0 0.197500 0.186667 0.001250 0.001667
0 0.725625 0.185833 0.003750 0.001667
0 0.385625 0.190000 0.005000 0.010000
0 0.108125 0.188333 0.003750 0.008333
0 0.371563 0.182083 0.001875 0.002500
0 0.198750 0.180000 0.001250 0.001667
0 0.665625 0.183750 0.008750 0.010833
0 0.487187 0.177917 0.000625 0.000833
0 0.488438 0.177083 0.000625 0.000833
0 0.965000 0.174167 0.001250 0.001667
0 0.970000 0.181250 0.012500 0.017500
0 0.995938 0.179167 0.008125 0.018333
0 0.370312 0.173333 0.008125 0.006667
0 0.853750 0.179167 0.017500 0.021667
0 0.371250 0.161667 0.006250 0.006667
0 0.999687 0.156250 0.000625 0.000833
0 0.839063 0.165417 0.013125 0.024167
0 0.815000 0.155417 0.006250 0.007500
0 0.992188 0.155000 0.011875 0.010000
0 0.817187 0.150000 0.000625 0.001667
0 0.545000 0.150000 0.001250 0.003333
0 0.996875 0.148750 0.003750 0.002500
0 0.060625 0.151667 0.010000 0.010000
0 0.824688 0.146667 0.004375 0.003333
0 0.540937 0.145833 0.000625 0.001667
0 0.065937 0.170000 0.019375 0.060000
0 0.510000 0.156250 0.008750 0.037500
0 0.546875 0.137083 0.006250 0.007500
0 0.070312 0.135417 0.001875 0.004167
0 0.545000 0.132083 0.002500 0.002500
0 0.580000 0.133333 0.016250 0.013333
0 0.548750 0.128750 0.002500 0.004167
0 0.892188 0.123750 0.000625 0.000833
0 0.134063 0.121250 0.000625 0.000833
0 0.888750 0.126250 0.033750 0.019167
0 0.772188 0.124167 0.014375 0.015000
0 0.140937 0.127083 0.008125 0.022500
0 0.258125 0.112500 0.005000 0.005000
0 0.796250 0.118750 0.017500 0.019167
0 0.950937 0.106667 0.003125 0.005000
0 0.571562 0.105000 0.003125 0.003333
0 0.947500 0.104167 0.002500 0.003333
0 0.932187 0.105833 0.008125 0.010000
0 0.574688 0.101250 0.000625 0.000833
0 0.541250 0.103333 0.006250 0.005000
0 0.895938 0.094583 0.000625 0.000833
0 0.907813 0.103333 0.020625 0.025000
0 0.815625 0.090833 0.003750 0.003333
0 0.767813 0.092083 0.004375 0.005833
0 0.820312 0.087917 0.000625 0.000833
0 0.975313 0.095833 0.014375 0.025000
0 0.890312 0.083750 0.000625 0.000833
0 0.939375 0.089167 0.006250 0.013333
0 0.764375 0.092083 0.008750 0.020833
0 0.889062 0.081250 0.001875 0.002500
0 0.773750 0.079167 0.002500 0.003333
0 0.853125 0.082083 0.011250 0.010833
0 0.923125 0.080417 0.013750 0.014167
0 0.967500 0.072917 0.002500 0.002500
0 0.806250 0.080833 0.012500 0.020000
0 0.891563 0.072500 0.004375 0.005000
0 0.967187 0.070000 0.000625 0.001667
0 0.803125 0.068333 0.001250 0.001667
0 0.951562 0.070417 0.009375 0.007500
0 0.299687 0.063333 0.000625 0.001667
0 0.015625 0.066667 0.012500 0.008333
0 0.318437 0.061250 0.000625 0.000833
0 0.321875 0.062500 0.005000 0.005000
0 0.973437 0.066250 0.011875 0.014167
0 0.915000 0.059583 0.003750 0.007500
0 0.562187 0.066250 0.019375 0.020833
0 0.561875 0.054167 0.003750 0.001667
0 0.717812 0.062083 0.014375 0.019167
0 0.317812 0.052083 0.000625 0.000833
0 0.320625 0.050000 0.002500 0.003333
0 0.019688 0.052917 0.009375 0.012500
0 0.951875 0.040417 0.001250 0.000833
0 0.987500 0.066667 0.025000 0.058333
0 0.827812 0.052083 0.028125 0.032500
0 0.839063 0.037917 0.001875 0.005833
0 0.801875 0.044167 0.020000 0.023333
0 0.816875 0.032500 0.001250 0.001667
0 0.996563 0.040000 0.006875 0.018333
0 0.959063 0.028750 0.000625 0.000833
0 0.956250 0.034583 0.018750 0.020833
0 0.964375 0.027083 0.005000 0.007500
0 0.849375 0.029583 0.005000 0.015833
0 0.889375 0.021250 0.001250 0.000833
0 0.943750 0.033333 0.008750 0.026667
0 0.901563 0.019583 0.000625 0.000833
0 0.887813 0.019583 0.000625 0.000833
0 0.559688 0.026667 0.025625 0.016667
0 0.944063 0.054167 0.044375 0.078333
0 0.903125 0.050417 0.018750 0.074167
0 0.846250 0.014583 0.002500 0.002500
0 0.995000 0.012500 0.001250 0.001667
0 0.833125 0.022083 0.018750 0.025833
0 0.884062 0.032083 0.011875 0.049167
0 0.865313 0.053333 0.044375 0.096667
0 0.860625 0.007917 0.001250 0.007500
0 0.843750 0.007917 0.002500 0.007500
0 0.809063 0.016250 0.014375 0.024167
0 0.888437 0.010000 0.006875 0.016667
0 0.992188 0.000417 0.006875 0.000833
0 0.985313 0.000417 0.000625 0.000833
0 0.885938 0.000417 0.001875 0.000833
0 0.859062 0.000417 0.001875 0.000833
0 0.855938 0.000417 0.000625 0.000833
0 0.854375 0.000417 0.001250 0.000833
0 0.827812 0.004583 0.015625 0.009167
0 0.796250 0.002083 0.007500 0.004167
0 0.779687 0.004167 0.014375 0.008333
0 0.246875 0.002500 0.006250 0.005000