0 0.592187 0.996667 0.008125 0.006667
0 0.855625 0.995417 0.015000 0.009167
0 0.792188 0.984583 0.000625 0.000833
0 0.555625 0.983333 0.001250 0.001667
0 0.728437 0.980417 0.000625 0.000833
0 0.724688 0.980417 0.000625 0.000833
0 0.636563 0.981250 0.003125 0.004167
0 0.831250 0.980417 0.002500 0.004167
0 0.767188 0.978750 0.000625 0.000833
0 0.724688 0.978750 0.000625 0.000833
0 0.820000 0.981667 0.015000 0.008333
0 0.733125 0.977500 0.001250 0.001667
0 0.728750 0.976250 0.006250 0.009167
0 0.640625 0.972500 0.003750 0.003333
0 0.735000 0.975417 0.007500 0.014167
0 0.647813 0.969583 0.006875 0.002500
0 0.730313 0.967083 0.003125 0.002500
0 0.395313 0.968750 0.023125 0.010833
0 0.989375 0.958333 0.006250 0.003333
0 0.428750 0.963750 0.016250 0.015833
0 0.148750 0.952917 0.001250 0.002500
0 0.410938 0.935417 0.000625 0.000833
0 0.808125 0.930833 0.007500 0.003333
0 0.357187 0.933333 0.015625 0.010000
0 0.820625 0.927083 0.011250 0.005833
0 0.680937 0.925000 0.001875 0.001667
0 0.830313 0.922917 0.003125 0.000833
0 0.870000 0.919583 0.002500 0.004167
0 0.930625 0.918333 0.005000 0.003333
0 0.952187 0.915417 0.000625 0.000833
0 0.864688 0.915000 0.008125 0.006667
0 0.951875 0.913333 0.011250 0.008333
0 0.597187 0.910417 0.005625 0.002500
0 0.596562 0.902917 0.000625 0.000833
0 0.211250 0.904583 0.035000 0.007500
0 0.600313 0.902917 0.006875 0.005833
0 0.605625 0.900417 0.002500 0.002500
0 0.818750 0.900833 0.005000 0.005000
0 0.744062 0.898333 0.000625 0.001667
0 0.736563 0.897917 0.013125 0.007500
0 0.813438 0.902917 0.013125 0.019167
0 0.129062 0.870833 0.001875 0.001667
0 0.137187 0.869583 0.000625 0.000833
0 0.544375 0.850417 0.013750 0.012500
0 0.228125 0.840417 0.013750 0.007500
0 0.360312 0.835000 0.000625 0.001667
0 0.356875 0.832083 0.005000 0.005833
0 0.363438 0.827917 0.014375 0.009167
0 0.205625 0.827083 0.015000 0.012500
0 0.087813 0.813750 0.028125 0.005833
0 0.739062 0.804583 0.005625 0.007500
0 0.003438 0.801250 0.003125 0.002500
0 0.000313 0.801250 0.000625 0.002500
0 0.164687 0.781250 0.000625 0.000833
0 0.166563 0.778750 0.003125 0.004167
0 0.170000 0.773333 0.008750 0.005000
0 0.366250 0.757500 0.007500 0.003333
0 0.061562 0.727500 0.003125 0.005000
0 0.094062 0.719167 0.011875 0.011667
0 0.223438 0.704583 0.003125 0.004167
0 0.504062 0.702917 0.008125 0.005833
0 0.211250 0.700833 0.001250 0.001667
0 0.274062 0.692917 0.000625 0.000833
0 0.272813 0.692500 0.000625 0.001667
0 0.265000 0.689583 0.013750 0.007500
0 0.007812 0.673750 0.001875 0.002500
0 0.005313 0.672917 0.000625 0.000833
0 0.003438 0.672917 0.000625 0.000833
0 0.004687 0.671250 0.000625 0.000833
0 0.010000 0.671250 0.006250 0.005833
0 0.020313 0.664167 0.001875 0.001667
0 0.025937 0.664167 0.004375 0.005000
0 0.082187 0.649167 0.004375 0.001667
0 0.108438 0.639583 0.003125 0.002500
0 0.082187 0.643750 0.013125 0.010833
0 0.550000 0.637083 0.001250 0.002500
0 0.113437 0.637083 0.006875 0.005833
0 0.558125 0.634583 0.002500 0.002500
0 0.640938 0.635833 0.006875 0.006667
0 0.644062 0.632083 0.000625 0.000833
0 0.120000 0.633333 0.005000 0.005000
0 0.377812 0.631250 0.004375 0.004167
0 0.649375 0.630000 0.008750 0.008333
0 0.660312 0.626667 0.004375 0.003333
0 0.231563 0.625417 0.000625 0.000833
0 0.224062 0.626667 0.006875 0.003333
0 0.177813 0.627083 0.005625 0.004167
0 0.629375 0.629167 0.008750 0.010000
0 0.619687 0.627083 0.005625 0.005833
0 0.185625 0.624583 0.001250 0.002500
0 0.170625 0.625000 0.003750 0.003333
0 0.233437 0.623333 0.001875 0.003333
0 0.392500 0.624167 0.025000 0.008333
0 0.406875 0.618333 0.003750 0.003333
0 0.460313 0.619583 0.005625 0.007500
0 0.966875 0.603333 0.006250 0.006667
0 0.972187 0.587917 0.000625 0.000833
0 0.967812 0.592083 0.006875 0.010833
0 0.141563 0.585833 0.001875 0.001667
0 0.063750 0.590417 0.012500 0.012500
0 0.481563 0.586667 0.006875 0.006667
0 0.490000 0.582500 0.005000 0.005000
0 0.067187 0.578750 0.000625 0.000833
0 0.469062 0.582500 0.014375 0.013333
0 0.147500 0.580833 0.008750 0.013333
0 0.776250 0.576250 0.003750 0.005833
0 0.056875 0.576250 0.018750 0.010833
0 0.859688 0.569167 0.006875 0.003333
0 0.788125 0.567917 0.002500 0.002500
0 0.399062 0.571667 0.018125 0.013333
0 0.240625 0.567500 0.001250 0.005000
0 0.867188 0.565833 0.006875 0.003333
0 0.079687 0.567083 0.009375 0.007500
0 0.867188 0.563333 0.001875 0.001667
0 0.000625 0.561250 0.001250 0.002500
0 0.232500 0.563333 0.015000 0.011667
0 0.097812 0.560833 0.011875 0.013333
0 0.393437 0.549583 0.003125 0.002500
0 0.871563 0.545833 0.001875 0.001667
0 0.878437 0.546250 0.005625 0.004167
0 0.002188 0.525000 0.004375 0.010000
0 0.908125 0.510000 0.002500 0.003333
0 0.176563 0.509583 0.001875 0.002500
0 0.163750 0.510000 0.008750 0.003333
0 0.906563 0.512917 0.011875 0.010833
0 0.170313 0.509167 0.003125 0.003333
0 0.887500 0.510833 0.010000 0.010000
0 0.280938 0.484583 0.001875 0.004167
0 0.270937 0.482500 0.016875 0.008333
0 0.125625 0.467917 0.001250 0.000833
0 0.314375 0.471250 0.013750 0.010833
0 0.919375 0.464167 0.018750 0.008333
0 0.129062 0.463750 0.008125 0.007500
0 0.826562 0.455833 0.000625 0.001667
0 0.816250 0.454167 0.001250 0.001667
0 0.111250 0.460417 0.011250 0.015833
0 0.600938 0.450000 0.009375 0.006667
0 0.604688 0.446250 0.000625 0.002500
0 0.818750 0.447500 0.005000 0.006667
0 0.603437 0.442917 0.000625 0.000833
0 0.597500 0.441250 0.007500 0.005833
0 0.122500 0.443750 0.013750 0.012500
0 0.358125 0.437500 0.001250 0.001667
0 0.356563 0.437083 0.000625 0.000833
0 0.189062 0.436250 0.001875 0.002500
0 0.089688 0.435833 0.006875 0.003333
0 0.307500 0.437083 0.011250 0.010833
0 0.926562 0.434583 0.003125 0.007500
0 0.915937 0.434167 0.010625 0.011667
0 0.374063 0.425417 0.001875 0.002500
0 0.380937 0.424583 0.003125 0.004167
0 0.336250 0.424583 0.012500 0.007500
0 0.000625 0.421250 0.001250 0.002500
0 0.772500 0.418750 0.010000 0.010833
0 0.380937 0.416667 0.011875 0.006667
0 0.230313 0.408750 0.000625 0.000833
0 0.227187 0.406667 0.004375 0.003333
0 0.211562 0.395833 0.001875 0.001667
0 0.315000 0.395000 0.003750 0.001667
0 0.210625 0.393750 0.001250 0.000833
0 0.205625 0.394583 0.003750 0.002500
0 0.219062 0.392917 0.000625 0.000833
0 0.197187 0.395833 0.005625 0.006667
0 0.256875 0.388333 0.008750 0.011667
0 0.436875 0.382917 0.003750 0.002500
0 0.510000 0.377083 0.001250 0.000833
0 0.350625 0.377500 0.002500 0.003333
0 0.502188 0.375417 0.000625 0.000833
0 0.588437 0.375000 0.000625 0.001667
0 0.442500 0.377083 0.002500 0.005833
0 0.434375 0.380000 0.011250 0.011667
0 0.591562 0.374583 0.004375 0.002500
0 0.578125 0.374583 0.003750 0.002500
0 0.517500 0.375000 0.003750 0.003333
0 0.204687 0.373750 0.000625 0.000833
0 0.197813 0.375000 0.005625 0.003333
0 0.673125 0.377083 0.008750 0.009167
0 0.588437 0.372917 0.000625 0.000833
0 0.500313 0.376667 0.001875 0.008333
0 0.509062 0.371250 0.000625 0.000833
0 0.513437 0.370417 0.004375 0.005833
0 0.675937 0.365417 0.000625 0.000833
0 0.677188 0.365000 0.000625 0.001667
0 0.156250 0.350833 0.012500 0.003333
0 0.390937 0.347083 0.000625 0.000833
0 0.648438 0.342500 0.011875 0.010000
0 0.890000 0.330417 0.001250 0.000833
0 0.922188 0.329583 0.001875 0.002500
0 0.805937 0.328750 0.011875 0.004167
0 0.609375 0.324583 0.001250 0.000833
0 0.608437 0.328333 0.015625 0.010000
0 0.189688 0.325000 0.004375 0.003333
0 0.910625 0.322083 0.001250 0.002500
0 0.000313 0.321250 0.000625 0.002500
0 0.240937 0.318750 0.000625 0.000833
0 0.238125 0.319167 0.003750 0.001667
0 0.900937 0.322500 0.013125 0.010000
0 0.224688 0.316250 0.000625 0.000833
0 0.221875 0.316667 0.001250 0.001667
0 0.212812 0.316250 0.000625 0.000833
0 0.232187 0.315000 0.003125 0.001667
0 0.211250 0.315000 0.001250 0.001667
0 0.823438 0.315417 0.015625 0.009167
0 0.737187 0.312917 0.011875 0.012500
0 0.049063 0.298333 0.003125 0.005000
0 0.786875 0.294167 0.010000 0.008333
0 0.725625 0.291250 0.002500 0.002500
0 0.919063 0.275833 0.001875 0.001667
0 0.322500 0.272083 0.011250 0.007500
0 0.312812 0.267917 0.003125 0.000833
0 0.309375 0.268333 0.001250 0.001667
0 0.327500 0.255000 0.012500 0.011667
0 0.762500 0.241250 0.003750 0.002500
0 0.772500 0.240417 0.007500 0.002500
0 0.370937 0.242917 0.004375 0.007500
0 0.618750 0.231250 0.001250 0.000833
0 0.626563 0.227917 0.003125 0.002500
0 0.312812 0.213750 0.009375 0.007500
0 0.410625 0.209167 0.005000 0.006667
0 0.401875 0.207083 0.002500 0.002500
0 0.352500 0.201667 0.003750 0.003333
0 0.694375 0.190000 0.003750 0.003333
0 0.685312 0.189583 0.003125 0.002500
0 0.701250 0.187500 0.001250 0.001667
0 0.595313 0.187083 0.015625 0.012500
0 0.515938 0.175417 0.000625 0.000833
0 0.395937 0.175417 0.001875 0.002500
0 0.714375 0.167083 0.001250 0.000833
0 0.518125 0.171667 0.011250 0.013333
0 0.589375 0.161250 0.001250 0.000833
0 0.594688 0.160000 0.004375 0.005000
0 0.329375 0.151667 0.001250 0.001667
0 0.327188 0.151250 0.000625 0.000833
0 0.002188 0.152917 0.004375 0.009167
0 0.549063 0.171667 0.048125 0.048333
0 0.721562 0.150833 0.009375 0.008333
0 0.066562 0.147500 0.001875 0.001667
0 0.888750 0.146667 0.002500 0.001667
0 0.884375 0.147083 0.005000 0.002500
0 0.897813 0.144583 0.000625 0.000833
0 0.895625 0.143750 0.001250 0.000833
0 0.572500 0.145833 0.008750 0.005000
0 0.447188 0.145833 0.005625 0.006667
0 0.340938 0.145000 0.004375 0.005000
0 0.069687 0.145000 0.003125 0.005000
0 0.055625 0.144583 0.006250 0.005833
0 0.559688 0.139167 0.006875 0.003333
0 0.734375 0.134167 0.015000 0.008333
0 0.111875 0.113750 0.001250 0.002500
0 0.092813 0.112917 0.009375 0.004167
0 0.001563 0.110833 0.003125 0.008333
0 0.737500 0.105417 0.005000 0.002500
0 0.743750 0.105000 0.003750 0.003333
0 0.735000 0.100417 0.002500 0.000833
0 0.726875 0.102083 0.002500 0.004167
0 0.329688 0.096250 0.000625 0.000833
0 0.330937 0.095417 0.000625 0.000833
0 0.335000 0.093333 0.001250 0.001667
0 0.309688 0.097917 0.014375 0.010833
0 0.286562 0.095833 0.010625 0.008333
0 0.198437 0.086250 0.000625 0.000833
0 0.200313 0.085833 0.014375 0.013333
0 0.995625 0.077083 0.008750 0.005833
0 0.553438 0.072500 0.015625 0.008333
0 0.270313 0.068333 0.000625 0.001667
0 0.098437 0.065417 0.000625 0.000833
0 0.878125 0.067083 0.013750 0.009167
0 0.710938 0.062917 0.000625 0.000833
0 0.277187 0.064583 0.014375 0.012500
0 0.724063 0.057917 0.001875 0.002500
0 0.707187 0.060000 0.009375 0.006667
0 0.718125 0.057083 0.007500 0.004167
0 0.726875 0.055417 0.001250 0.002500
0 0.297500 0.050417 0.006250 0.002500
0 0.098750 0.034583 0.001250 0.000833
0 0.101250 0.033750 0.001250 0.000833
0 0.096562 0.034167 0.001875 0.003333
0 0.059687 0.032083 0.000625 0.000833
0 0.055938 0.030417 0.005625 0.004167
0 0.444375 0.030000 0.025000 0.006667
0 0.090625 0.030000 0.010000 0.010000
0 0.210938 0.025000 0.000625 0.001667
0 0.073438 0.030000 0.006875 0.011667
0 0.217500 0.026250 0.021250 0.012500
0 0.321875 0.016667 0.003750 0.005000
0 0.613750 0.011250 0.001250 0.000833
0 0.636563 0.001667 0.003125 0.003333
0 0.118125 0.002083 0.003750 0.004167