0 0.593437 0.997500 0.000625 0.001667
0 0.600625 0.997500 0.001250 0.003333
0 0.379688 0.997083 0.004375 0.005833
0 0.596562 0.994167 0.003125 0.003333
0 0.599063 0.985833 0.001875 0.005000
0 0.421250 0.976250 0.001250 0.002500
0 0.178750 0.969167 0.001250 0.001667
0 0.624375 0.960417 0.017500 0.010833
0 0.583125 0.944167 0.005000 0.010000
0 0.588125 0.941667 0.010000 0.018333
0 0.213750 0.924583 0.001250 0.002500
0 0.217188 0.922917 0.000625 0.000833
0 0.208750 0.925000 0.007500 0.006667
0 0.649062 0.907917 0.003125 0.004167
0 0.653750 0.907917 0.005000 0.005833
0 0.766563 0.908333 0.008125 0.011667
0 0.646250 0.899583 0.003750 0.004167
0 0.005000 0.898333 0.001250 0.001667
0 0.084062 0.893750 0.000625 0.000833
0 0.080312 0.893750 0.000625 0.000833
0 0.102188 0.893750 0.008125 0.007500
0 0.083750 0.890833 0.001250 0.001667
0 0.081250 0.892500 0.003750 0.005000
0 0.387500 0.894583 0.011250 0.017500
0 0.469375 0.881250 0.002500 0.002500
0 0.470313 0.878750 0.000625 0.000833
0 0.443125 0.881250 0.013750 0.007500
0 0.197187 0.877917 0.000625 0.000833
0 0.467813 0.875833 0.003125 0.005000
0 0.213438 0.882500 0.011875 0.018333
0 0.495312 0.872917 0.003125 0.004167
0 0.310625 0.875833 0.015000 0.015000
0 0.509687 0.867917 0.000625 0.000833
0 0.467187 0.867917 0.001875 0.002500
0 0.508750 0.865417 0.002500 0.002500
0 0.467813 0.863333 0.003125 0.003333
0 0.507188 0.859583 0.001875 0.005833
0 0.470625 0.856250 0.001250 0.000833
0 0.469687 0.854583 0.000625 0.000833
0 0.331875 0.857917 0.005000 0.007500
0 0.503437 0.853750 0.001875 0.002500
0 0.501563 0.849167 0.003125 0.003333
0 0.490312 0.845417 0.000625 0.000833
0 0.487500 0.844583 0.001250 0.000833
0 0.395313 0.840833 0.004375 0.006667
0 0.321875 0.841250 0.006250 0.007500
0 0.385000 0.824583 0.002500 0.002500
0 0.333750 0.820833 0.007500 0.008333
0 0.476875 0.822083 0.008750 0.012500
0 0.815312 0.815833 0.000625 0.001667
0 0.559063 0.811250 0.000625 0.000833
0 0.529375 0.807500 0.003750 0.003333
0 0.290312 0.806250 0.000625 0.000833
0 0.869687 0.804167 0.000625 0.001667
0 0.872500 0.802917 0.003750 0.004167
0 0.104375 0.798750 0.006250 0.004167
0 0.315937 0.797917 0.001875 0.004167
0 0.142187 0.800833 0.010625 0.013333
0 0.348125 0.790000 0.001250 0.001667
0 0.965313 0.787083 0.000625 0.000833
0 0.300625 0.788333 0.001250 0.003333
0 0.960000 0.786667 0.001250 0.001667
0 0.964688 0.785417 0.000625 0.000833
0 0.961875 0.785417 0.001250 0.000833
0 0.509687 0.785417 0.000625 0.000833
0 0.097812 0.790000 0.008125 0.010000
0 0.928750 0.777500 0.005000 0.008333
0 0.340313 0.775000 0.003125 0.005000
0 0.932187 0.769583 0.000625 0.000833
0 0.508437 0.774583 0.006875 0.010833
0 0.341250 0.769583 0.002500 0.002500
0 0.934688 0.767917 0.000625 0.000833
0 0.545312 0.765833 0.003125 0.005000
0 0.252500 0.761250 0.002500 0.004167
0 0.118750 0.759167 0.001250 0.001667
0 0.540000 0.760833 0.003750 0.008333
0 0.193125 0.756667 0.001250 0.001667
0 0.890938 0.752083 0.000625 0.000833
0 0.999687 0.752500 0.000625 0.003333
0 0.891563 0.750417 0.000625 0.000833
0 0.237813 0.757083 0.011875 0.019167
0 0.995000 0.747500 0.010000 0.006667
0 0.843750 0.750000 0.007500 0.013333
0 0.013437 0.744583 0.005625 0.004167
0 0.000313 0.742083 0.000625 0.000833
0 0.187812 0.744167 0.009375 0.013333
0 0.059687 0.737500 0.000625 0.001667
0 0.953750 0.732917 0.001250 0.002500
0 0.243125 0.720833 0.005000 0.006667
0 0.722812 0.717083 0.000625 0.000833
0 0.237187 0.717083 0.000625 0.000833
0 0.130000 0.711250 0.005000 0.005833
0 0.923750 0.705417 0.001250 0.002500
0 0.126562 0.705417 0.003125 0.002500
0 0.119375 0.702917 0.007500 0.005833
0 0.425000 0.700833 0.002500 0.003333
0 0.419063 0.697917 0.000625 0.000833
0 0.420000 0.693333 0.002500 0.001667
0 0.570625 0.694167 0.005000 0.006667
0 0.749687 0.688750 0.001875 0.002500
0 0.247812 0.693333 0.009375 0.013333
0 0.566562 0.685833 0.000625 0.001667
0 0.080312 0.695000 0.011875 0.020000
0 0.071563 0.684583 0.004375 0.002500
0 0.067812 0.683750 0.000625 0.000833
0 0.063437 0.683750 0.006875 0.002500
0 0.453437 0.672917 0.000625 0.000833
0 0.435937 0.668750 0.000625 0.000833
0 0.035312 0.668750 0.000625 0.000833
0 0.530937 0.669583 0.006875 0.005833
0 0.440937 0.665000 0.001875 0.001667
0 0.522500 0.666667 0.008750 0.010000
0 0.517188 0.660417 0.000625 0.000833
0 0.519062 0.659583 0.000625 0.000833
0 0.025625 0.671667 0.013750 0.025000
0 0.291875 0.660417 0.008750 0.015833
0 0.508125 0.648333 0.010000 0.006667
0 0.480000 0.644167 0.006250 0.003333
0 0.490938 0.641250 0.000625 0.000833
0 0.492188 0.640417 0.000625 0.000833
0 0.497188 0.642917 0.004375 0.007500
0 0.448125 0.640833 0.006250 0.006667
0 0.309375 0.628333 0.010000 0.015000
0 0.195312 0.616250 0.000625 0.000833
0 0.536563 0.615417 0.005625 0.005833
0 0.190938 0.613750 0.003125 0.002500
0 0.554375 0.612500 0.002500 0.001667
0 0.555312 0.605000 0.003125 0.006667
0 0.511250 0.606667 0.007500 0.011667
0 0.554688 0.599583 0.000625 0.000833
0 0.700937 0.587917 0.000625 0.000833
0 0.699375 0.585833 0.001250 0.001667
0 0.699688 0.576667 0.001875 0.005000
0 0.008125 0.575833 0.002500 0.005000
0 0.744375 0.553333 0.002500 0.003333
0 0.475938 0.559583 0.011875 0.017500
0 0.535625 0.552917 0.008750 0.009167
0 0.800000 0.548333 0.002500 0.003333
0 0.446250 0.542083 0.003750 0.002500
0 0.140313 0.543333 0.001875 0.006667
0 0.032500 0.547083 0.013750 0.020833
0 0.443437 0.535417 0.000625 0.000833
0 0.452188 0.538750 0.005625 0.010833
0 0.084062 0.532917 0.000625 0.000833
0 0.456250 0.529583 0.003750 0.005833
0 0.446875 0.532083 0.008750 0.012500
0 0.452188 0.525833 0.003125 0.001667
0 0.964688 0.520417 0.000625 0.000833
0 0.397188 0.515417 0.000625 0.000833
0 0.403750 0.515417 0.003750 0.002500
0 0.278750 0.521667 0.010000 0.020000
0 0.770938 0.505417 0.000625 0.000833
0 0.216250 0.503750 0.002500 0.007500
0 0.775937 0.499583 0.000625 0.000833
0 0.247188 0.499583 0.001875 0.005833
0 0.215625 0.496667 0.001250 0.003333
0 0.238750 0.497917 0.005000 0.009167
0 0.200313 0.495000 0.000625 0.003333
0 0.727500 0.470000 0.005000 0.003333
0 0.055313 0.470833 0.001875 0.006667
0 0.980313 0.467500 0.000625 0.001667
0 0.051250 0.462917 0.005000 0.005833
0 0.974688 0.457917 0.000625 0.000833
0 0.976250 0.454167 0.001250 0.001667
0 0.687187 0.458750 0.011875 0.010833
0 0.566562 0.453750 0.001875 0.000833
0 0.376563 0.453750 0.000625 0.000833
0 0.372188 0.461250 0.008125 0.015833
0 0.700625 0.452917 0.005000 0.004167
0 0.569375 0.448333 0.005000 0.003333
0 0.039375 0.427500 0.001250 0.001667
0 0.937187 0.423333 0.009375 0.011667
0 0.038125 0.420833 0.003750 0.008333
0 0.403438 0.407083 0.006875 0.005833
0 0.408125 0.400833 0.003750 0.005000
0 0.251875 0.404167 0.007500 0.013333
0 0.859375 0.400417 0.013750 0.017500
0 0.405313 0.395000 0.010625 0.006667
0 0.266562 0.381250 0.000625 0.000833
0 0.856250 0.384583 0.003750 0.009167
0 0.548438 0.372917 0.000625 0.000833
0 0.547500 0.371250 0.001250 0.000833
0 0.310312 0.361250 0.000625 0.000833
0 0.263437 0.361667 0.013125 0.018333
0 0.799063 0.350833 0.001875 0.001667
0 0.886563 0.348750 0.000625 0.000833
0 0.888750 0.348750 0.002500 0.004167
0 0.270937 0.345417 0.000625 0.000833
0 0.792813 0.344583 0.000625 0.000833
0 0.888750 0.344167 0.001250 0.001667
0 0.789375 0.342083 0.001250 0.000833
0 0.884687 0.339583 0.000625 0.000833
0 0.271562 0.338750 0.011875 0.009167
0 0.269688 0.329583 0.005625 0.005833
0 0.236250 0.320833 0.001250 0.003333
0 0.405938 0.324167 0.010625 0.013333
0 0.236563 0.317917 0.000625 0.000833
0 0.024688 0.324583 0.003125 0.014167
0 0.226875 0.313750 0.010000 0.014167
0 0.053750 0.313333 0.011250 0.015000
0 0.930937 0.299583 0.004375 0.004167
0 0.742188 0.297917 0.018125 0.030833
0 0.724688 0.282083 0.000625 0.000833
0 0.365938 0.282917 0.003125 0.004167
0 0.364687 0.280417 0.000625 0.002500
0 0.200625 0.271250 0.001250 0.002500
0 0.794375 0.275417 0.013750 0.015833
0 0.205313 0.270000 0.001875 0.006667
0 0.229687 0.272917 0.011875 0.019167
0 0.070625 0.265417 0.007500 0.007500
0 0.069062 0.260417 0.001875 0.004167
0 0.196250 0.260417 0.012500 0.017500
0 0.207813 0.250833 0.001875 0.003333
0 0.858750 0.248750 0.001250 0.007500
0 0.175625 0.247500 0.002500 0.005000
0 0.131562 0.244583 0.000625 0.000833
0 0.864062 0.252917 0.009375 0.019167
0 0.170000 0.246667 0.005000 0.008333
0 0.131562 0.242917 0.000625 0.000833
0 0.134687 0.241250 0.000625 0.002500
0 0.190938 0.229583 0.013125 0.015833
0 0.135937 0.218750 0.001875 0.002500
0 0.681875 0.214583 0.001250 0.000833
0 0.130938 0.214583 0.000625 0.000833
0 0.210000 0.216667 0.003750 0.010000
0 0.225938 0.209583 0.000625 0.002500
0 0.134063 0.210000 0.001875 0.003333
0 0.845938 0.202917 0.000625 0.000833
0 0.844688 0.205000 0.001875 0.005000
0 0.010313 0.199583 0.013125 0.012500
0 0.920312 0.185417 0.000625 0.000833
0 0.155938 0.183333 0.003125 0.005000
0 0.150938 0.182917 0.004375 0.005833
0 0.093125 0.185000 0.007500 0.018333
0 0.095312 0.174583 0.000625 0.000833
0 0.820312 0.181250 0.013125 0.015833
0 0.704063 0.173750 0.003125 0.002500
0 0.917500 0.173333 0.003750 0.003333
0 0.226250 0.164167 0.001250 0.001667
0 0.035625 0.161250 0.005000 0.007500
0 0.026875 0.158750 0.001250 0.002500
0 0.315000 0.161250 0.012500 0.012500
0 0.034688 0.152917 0.000625 0.000833
0 0.072188 0.150833 0.001875 0.001667
0 0.034063 0.150833 0.001875 0.001667
0 0.699688 0.159167 0.013125 0.020000
0 0.073438 0.148750 0.000625 0.000833
0 0.155938 0.146250 0.000625 0.000833
0 0.448437 0.139583 0.001875 0.002500
0 0.446562 0.138750 0.000625 0.000833
0 0.453437 0.139167 0.006875 0.005000
0 0.158438 0.137083 0.001875 0.004167
0 0.160312 0.131667 0.000625 0.001667
0 0.075313 0.136667 0.001875 0.020000
0 0.713750 0.130833 0.013750 0.010000
0 0.419063 0.125000 0.000625 0.001667
0 0.432812 0.127917 0.011875 0.014167
0 0.137813 0.122083 0.006875 0.015833
0 0.616250 0.105417 0.002500 0.002500
0 0.620625 0.101667 0.002500 0.003333
0 0.619687 0.098750 0.000625 0.000833
0 0.623437 0.096667 0.003125 0.003333
0 0.625313 0.080417 0.000625 0.000833
0 0.129062 0.079167 0.001875 0.005000
0 0.691250 0.084167 0.008750 0.021667
0 0.688438 0.072917 0.000625 0.000833
0 0.099687 0.064167 0.006875 0.005000
0 0.669063 0.060000 0.000625 0.001667
0 0.103438 0.060000 0.000625 0.003333
0 0.098125 0.054167 0.002500 0.001667
0 0.047813 0.052083 0.003125 0.004167
0 0.185000 0.048333 0.001250 0.001667
0 0.186250 0.046250 0.001250 0.000833
0 0.130312 0.041250 0.000625 0.000833
0 0.047500 0.044167 0.002500 0.006667
0 0.370312 0.041250 0.001875 0.002500
0 0.655312 0.039583 0.004375 0.005833
0 0.132188 0.036250 0.001875 0.007500
0 0.189062 0.038750 0.005625 0.017500
0 0.606563 0.029167 0.000625 0.001667
0 0.055313 0.021667 0.004375 0.010000
0 0.987187 0.006250 0.000625 0.000833
0 0.985625 0.005417 0.001250 0.000833
0 0.985938 0.003750 0.000625 0.000833
0 0.078437 0.001667 0.008125 0.003333