0 0.873437 0.986250 0.006875 0.009167
0 0.470938 0.978750 0.005625 0.010833
0 0.832187 0.974167 0.009375 0.008333
0 0.180312 0.963750 0.000625 0.000833
0 0.185312 0.963750 0.001875 0.004167
0 0.179688 0.962083 0.000625 0.000833
0 0.184062 0.959167 0.001875 0.001667
0 0.180625 0.957917 0.001250 0.000833
0 0.914062 0.959583 0.006875 0.010833
0 0.180625 0.952500 0.001250 0.001667
0 0.519062 0.948333 0.010625 0.013333
0 0.890000 0.944583 0.011250 0.017500
0 0.104688 0.899167 0.003125 0.003333
0 0.779062 0.881250 0.000625 0.000833
0 0.870625 0.868750 0.002500 0.004167
0 0.386562 0.852917 0.000625 0.000833
0 0.384375 0.849583 0.001250 0.002500
0 0.818438 0.848750 0.003125 0.002500
0 0.130938 0.847083 0.000625 0.000833
0 0.383437 0.846250 0.000625 0.000833
0 0.636250 0.852083 0.008750 0.015833
0 0.993750 0.845000 0.007500 0.008333
0 0.379063 0.841667 0.005625 0.006667
0 0.817813 0.840000 0.004375 0.006667
0 0.038125 0.812083 0.003750 0.009167
0 0.959375 0.796250 0.001250 0.002500
0 0.069062 0.797500 0.003125 0.006667
0 0.962187 0.792083 0.000625 0.000833
0 0.877812 0.802500 0.010625 0.033333
0 0.062812 0.793333 0.006875 0.015000
0 0.763750 0.766250 0.001250 0.002500
0 0.314375 0.773750 0.007500 0.017500
0 0.955625 0.755000 0.005000 0.005000
0 0.540000 0.740833 0.001250 0.001667
0 0.737187 0.737917 0.001875 0.000833
0 0.007500 0.734583 0.002500 0.004167
0 0.000313 0.732500 0.000625 0.001667
0 0.850313 0.721250 0.001875 0.002500
0 0.786563 0.712917 0.000625 0.000833
0 0.789062 0.711667 0.001875 0.003333
0 0.544687 0.673750 0.004375 0.004167
0 0.815937 0.683750 0.005625 0.029167
0 0.975313 0.667083 0.000625 0.000833
0 0.536563 0.668333 0.001875 0.003333
0 0.971562 0.666250 0.000625 0.000833
0 0.974375 0.665000 0.001250 0.001667
0 0.828438 0.657500 0.001875 0.005000
0 0.827187 0.655833 0.001875 0.005000
0 0.752188 0.650417 0.000625 0.000833
0 0.826250 0.648750 0.002500 0.007500
0 0.826250 0.641667 0.002500 0.003333
0 0.790312 0.639583 0.004375 0.010833
0 0.238750 0.640000 0.007500 0.013333
0 0.824688 0.628750 0.000625 0.000833
0 0.771250 0.623750 0.001250 0.000833
0 0.330625 0.620000 0.001250 0.003333
0 0.825937 0.619167 0.003125 0.006667
0 0.850625 0.612500 0.001250 0.001667
0 0.689688 0.611250 0.000625 0.000833
0 0.686875 0.611667 0.002500 0.001667
0 0.845000 0.615000 0.007500 0.010000
0 0.682187 0.610417 0.000625 0.000833
0 0.693125 0.609583 0.003750 0.002500
0 0.679063 0.608750 0.001875 0.002500
0 0.696562 0.608750 0.004375 0.004167
0 0.700313 0.605000 0.001875 0.001667
0 0.677188 0.602917 0.000625 0.000833
0 0.702812 0.601667 0.001875 0.003333
0 0.700937 0.599583 0.000625 0.000833
0 0.675625 0.602917 0.006250 0.009167
0 0.703438 0.593750 0.000625 0.000833
0 0.824063 0.592083 0.000625 0.000833
0 0.670937 0.592083 0.000625 0.000833
0 0.767500 0.592500 0.006250 0.003333
0 0.743750 0.593750 0.007500 0.005833
0 0.709375 0.597917 0.008750 0.022500
0 0.770312 0.585417 0.000625 0.000833
0 0.766563 0.587083 0.004375 0.004167
0 0.670000 0.585417 0.001250 0.004167
0 0.669375 0.580000 0.001250 0.005000
0 0.852812 0.575417 0.000625 0.000833
0 0.949375 0.576250 0.001250 0.004167
0 0.707187 0.579583 0.003125 0.010833
0 0.153750 0.573750 0.001250 0.000833
0 0.089063 0.573750 0.001875 0.000833
0 0.669375 0.573333 0.001250 0.001667
0 0.944375 0.576667 0.002500 0.010000
0 0.155312 0.570833 0.000625 0.001667
0 0.128750 0.573333 0.006250 0.010000
0 0.685625 0.568750 0.001250 0.002500
0 0.706562 0.569583 0.003125 0.007500
0 0.694688 0.571667 0.005625 0.011667
0 0.855313 0.569583 0.004375 0.012500
0 0.670937 0.563750 0.000625 0.002500
0 0.704375 0.561667 0.002500 0.003333
0 0.700937 0.554583 0.000625 0.000833
0 0.124688 0.553750 0.000625 0.000833
0 0.053750 0.555000 0.002500 0.005000
0 0.695937 0.547917 0.000625 0.000833
0 0.680312 0.547917 0.001875 0.000833
0 0.128125 0.548750 0.001250 0.002500
0 0.687500 0.546250 0.002500 0.000833
0 0.690000 0.545417 0.001250 0.000833
0 0.684688 0.545833 0.001875 0.001667
0 0.126250 0.545833 0.001250 0.001667
0 0.058750 0.542500 0.001250 0.001667
0 0.143750 0.538750 0.012500 0.014167
0 0.188750 0.526667 0.001250 0.001667
0 0.830937 0.511250 0.000625 0.000833
0 0.010937 0.516667 0.008125 0.011667
0 0.867188 0.510000 0.001875 0.001667
0 0.862187 0.512500 0.008125 0.011667
0 0.979688 0.506667 0.003125 0.005000
0 0.976875 0.505000 0.001250 0.001667
0 0.591250 0.503333 0.006250 0.006667
0 0.842812 0.502917 0.003125 0.007500
0 0.162188 0.498333 0.000625 0.001667
0 0.160000 0.498333 0.001250 0.001667
0 0.979062 0.494583 0.000625 0.000833
0 0.949688 0.497917 0.004375 0.007500
0 0.328125 0.472917 0.006250 0.005833
0 0.131875 0.467083 0.002500 0.002500
0 0.828750 0.470417 0.007500 0.014167
0 0.825937 0.459583 0.000625 0.000833
0 0.984375 0.463333 0.007500 0.015000
0 0.787188 0.451250 0.000625 0.000833
0 0.789062 0.447917 0.000625 0.002500
0 0.787813 0.443750 0.000625 0.000833
0 0.899687 0.426250 0.000625 0.000833
0 0.217500 0.428333 0.005000 0.010000
0 0.210938 0.423750 0.000625 0.002500
0 0.978125 0.428333 0.011250 0.013333
0 0.077813 0.416250 0.000625 0.000833
0 0.079062 0.412500 0.001875 0.005000
0 0.781563 0.407083 0.000625 0.000833
0 0.936250 0.404583 0.011250 0.010833
0 0.776250 0.404583 0.008750 0.012500
0 0.507500 0.369583 0.010000 0.012500
0 0.903125 0.369167 0.012500 0.018333
0 0.317500 0.361250 0.005000 0.002500
0 0.322813 0.357083 0.000625 0.000833
0 0.322500 0.361250 0.005000 0.009167
0 0.278125 0.351250 0.001250 0.000833
0 0.279687 0.350417 0.000625 0.000833
0 0.612187 0.356250 0.010625 0.019167
0 0.959688 0.348333 0.013125 0.016667
0 0.234687 0.336250 0.003125 0.002500
0 0.796562 0.332500 0.006875 0.011667
0 0.231563 0.330833 0.008125 0.008333
0 0.305312 0.332917 0.004375 0.015833
0 0.308437 0.319167 0.000625 0.001667
0 0.277813 0.320000 0.004375 0.006667
0 0.124375 0.317500 0.001250 0.001667
0 0.431875 0.286250 0.003750 0.005833
0 0.346250 0.286250 0.003750 0.005833
0 0.426875 0.282500 0.001250 0.001667
0 0.090625 0.288750 0.010000 0.020833
0 0.957187 0.263750 0.008125 0.009167
0 0.960938 0.260417 0.001875 0.004167
0 0.015625 0.261667 0.005000 0.008333
0 0.364063 0.257917 0.001875 0.002500
0 0.471250 0.256250 0.008750 0.010833
0 0.033125 0.253750 0.005000 0.005833
0 0.572187 0.240000 0.001875 0.001667
0 0.569375 0.240417 0.002500 0.002500
0 0.720938 0.232083 0.010625 0.019167
0 0.640938 0.220417 0.001875 0.004167
0 0.698125 0.217917 0.012500 0.014167
0 0.091875 0.216250 0.008750 0.010833
0 0.501875 0.208750 0.003750 0.005833
0 0.506563 0.203750 0.000625 0.000833
0 0.239063 0.193750 0.000625 0.000833
0 0.179375 0.193750 0.001250 0.002500
0 0.236250 0.189583 0.006250 0.010833
0 0.197187 0.190000 0.013125 0.016667
0 0.754375 0.177500 0.003750 0.006667
0 0.980938 0.167500 0.000625 0.001667
0 0.540937 0.138750 0.000625 0.000833
0 0.182812 0.146667 0.009375 0.018333
0 0.544375 0.135000 0.002500 0.003333
0 0.539375 0.134583 0.001250 0.002500
0 0.541250 0.129167 0.005000 0.005000
0 0.825625 0.120417 0.001250 0.002500
0 0.824688 0.117917 0.000625 0.000833
0 0.014687 0.107500 0.001875 0.001667
0 0.608750 0.110417 0.008750 0.010833
0 0.014063 0.101667 0.003125 0.005000
0 0.370625 0.087917 0.001250 0.005833
0 0.886875 0.081667 0.002500 0.005000
0 0.290938 0.071250 0.005625 0.005833
0 0.290938 0.066667 0.000625 0.001667
0 0.546875 0.058333 0.001250 0.001667
0 0.001563 0.062083 0.003125 0.009167
0 0.231250 0.057083 0.003750 0.004167
0 0.004063 0.054583 0.000625 0.000833
0 0.230937 0.053750 0.000625 0.000833
0 0.579063 0.061667 0.014375 0.020000
0 0.365938 0.055833 0.011875 0.013333
0 0.081562 0.056250 0.009375 0.014167
0 0.052812 0.055000 0.008125 0.016667
0 0.100937 0.051667 0.013125 0.013333
0 0.297187 0.047083 0.008125 0.017500
0 0.702812 0.027500 0.000625 0.001667
0 0.159688 0.010417 0.000625 0.000833
0 0.215000 0.007500 0.001250 0.001667
0 0.729062 0.007917 0.004375 0.007500
0 0.863750 0.003750 0.002500 0.002500
0 0.159375 0.005417 0.005000 0.007500
0 0.154688 0.002083 0.000625 0.002500