0 0.409062 0.999583 0.000625 0.000833
0 0.893125 0.999167 0.001250 0.001667
0 0.449688 0.998750 0.000625 0.000833
0 0.445625 0.999167 0.001250 0.001667
0 0.443125 0.999167 0.001250 0.001667
0 0.447813 0.998750 0.001875 0.002500
0 0.535937 0.997917 0.004375 0.004167
0 0.440937 0.997917 0.001875 0.004167
0 0.410313 0.996250 0.000625 0.000833
0 0.410625 0.994583 0.001250 0.000833
0 0.056250 0.996667 0.005000 0.006667
0 0.518437 0.991667 0.001875 0.001667
0 0.406250 0.989167 0.001250 0.001667
0 0.830000 0.986667 0.003750 0.011667
0 0.407813 0.985417 0.009375 0.009167
0 0.513750 0.987500 0.010000 0.018333
0 0.930312 0.988750 0.010625 0.022500
0 0.511250 0.978750 0.001250 0.002500
0 0.577187 0.977500 0.001875 0.001667
0 0.786875 0.979583 0.007500 0.007500
0 0.611250 0.983333 0.012500 0.015000
0 0.252812 0.975000 0.001875 0.001667
0 0.139063 0.973750 0.000625 0.000833
0 0.543125 0.981250 0.006250 0.020833
0 0.139063 0.969167 0.005625 0.003333
0 0.149375 0.966667 0.007500 0.003333
0 0.952812 0.964167 0.003125 0.010000
0 0.759687 0.960417 0.003125 0.002500
0 0.561875 0.962083 0.008750 0.010833
0 0.482500 0.962500 0.010000 0.013333
0 0.853437 0.961667 0.016875 0.013333
0 0.750938 0.962917 0.014375 0.019167
0 0.628750 0.961250 0.013750 0.019167
0 0.746875 0.951667 0.001250 0.001667
0 0.582812 0.956667 0.008125 0.011667
0 0.681250 0.951667 0.002500 0.005000
0 0.943750 0.953750 0.013750 0.012500
0 0.305312 0.947083 0.000625 0.000833
0 0.304063 0.947083 0.000625 0.000833
0 0.809688 0.944583 0.001875 0.004167
0 0.670937 0.942500 0.004375 0.005000
0 0.110937 0.940417 0.000625 0.000833
0 0.679063 0.942917 0.003125 0.009167
0 0.360938 0.940417 0.004375 0.007500
0 0.033438 0.938750 0.003125 0.004167
0 0.671562 0.937083 0.011875 0.012500
0 0.106563 0.934167 0.011875 0.010000
0 0.030000 0.930000 0.001250 0.001667
0 0.413438 0.930417 0.005625 0.005833
0 0.736250 0.938333 0.011250 0.028333
0 0.775625 0.922917 0.013750 0.014167
0 0.897500 0.922500 0.008750 0.015000
0 0.420625 0.915417 0.001250 0.002500
0 0.895000 0.913333 0.001250 0.003333
0 0.327188 0.911667 0.001875 0.003333
0 0.329375 0.910000 0.001250 0.001667
0 0.431875 0.908750 0.001250 0.000833
0 0.196875 0.914583 0.007500 0.012500
0 0.369063 0.907917 0.000625 0.000833
0 0.134375 0.908750 0.001250 0.002500
0 0.330937 0.907917 0.000625 0.002500
0 0.308750 0.908750 0.003750 0.004167
0 0.424375 0.910000 0.012500 0.008333
0 0.134063 0.906250 0.000625 0.000833
0 0.335000 0.905417 0.001250 0.000833
0 0.660625 0.907500 0.002500 0.006667
0 0.373437 0.906250 0.006875 0.004167
0 0.605000 0.931667 0.042500 0.060000
0 0.076875 0.904167 0.007500 0.006667
0 0.346562 0.899583 0.000625 0.000833
0 0.278750 0.902917 0.011250 0.007500
0 0.508750 0.905417 0.012500 0.014167
0 0.972187 0.887083 0.000625 0.000833
0 0.009062 0.887917 0.001875 0.002500
0 0.013125 0.886667 0.001250 0.001667
0 0.639687 0.887083 0.004375 0.007500
0 0.349375 0.889583 0.013750 0.024167
0 0.007812 0.881250 0.009375 0.007500
0 0.234063 0.873750 0.000625 0.002500
0 0.778438 0.880417 0.011875 0.017500
0 0.507500 0.876667 0.008750 0.011667
0 0.015000 0.880000 0.013750 0.018333
0 0.916562 0.874167 0.010625 0.010000
0 0.969375 0.880000 0.010000 0.023333
0 0.664687 0.867083 0.000625 0.000833
0 0.612187 0.870417 0.009375 0.007500
0 0.392500 0.871667 0.008750 0.010000
0 0.660312 0.865417 0.000625 0.000833
0 0.659062 0.865417 0.000625 0.000833
0 0.396562 0.865417 0.001875 0.002500
0 0.532500 0.862917 0.005000 0.005833
0 0.785312 0.858750 0.000625 0.000833
0 0.695000 0.864583 0.010000 0.015833
0 0.471562 0.879167 0.045625 0.046667
0 0.784062 0.855000 0.000625 0.003333
0 0.095625 0.854583 0.008750 0.012500
0 0.786875 0.851667 0.005000 0.011667
0 0.860938 0.845000 0.003125 0.003333
0 0.954375 0.843333 0.002500 0.001667
0 0.863437 0.842083 0.000625 0.000833
0 0.502812 0.847917 0.008125 0.014167
0 0.288438 0.847500 0.010625 0.013333
0 0.760312 0.842500 0.003125 0.005000
0 0.651563 0.841667 0.003125 0.005000
0 0.080000 0.838750 0.002500 0.000833
0 0.436250 0.836667 0.003750 0.006667
0 0.232187 0.838333 0.009375 0.010000
0 0.079375 0.830417 0.005000 0.005833
0 0.273438 0.827500 0.003125 0.001667
0 0.896250 0.832083 0.012500 0.014167
0 0.709688 0.825833 0.001875 0.001667
0 0.183125 0.824583 0.002500 0.007500
0 0.127188 0.821667 0.004375 0.003333
0 0.476875 0.826250 0.010000 0.014167
0 0.133125 0.820833 0.006250 0.005000
0 0.879062 0.822083 0.005625 0.009167
0 0.867812 0.822500 0.008125 0.010000
0 0.793125 0.820000 0.005000 0.005000
0 0.761875 0.830833 0.020000 0.026667
0 0.419063 0.822500 0.004375 0.010000
0 0.357187 0.828333 0.014375 0.021667
0 0.530000 0.818750 0.006250 0.004167
0 0.841875 0.818333 0.010000 0.008333
0 0.411250 0.814167 0.001250 0.001667
0 0.330937 0.818333 0.015625 0.011667
0 0.930937 0.815000 0.005625 0.008333
0 0.064375 0.810000 0.002500 0.003333
0 0.042188 0.813750 0.009375 0.014167
0 0.686875 0.810833 0.012500 0.010000
0 0.430625 0.807917 0.002500 0.004167
0 0.395000 0.812500 0.007500 0.015000
0 0.169063 0.805417 0.000625 0.000833
0 0.412187 0.804583 0.000625 0.000833
0 0.456875 0.807083 0.011250 0.012500
0 0.170625 0.801250 0.007500 0.004167
0 0.722187 0.802500 0.006875 0.010000
0 0.382500 0.802500 0.012500 0.013333
0 0.397813 0.792083 0.006875 0.007500
0 0.364063 0.793750 0.008125 0.014167
0 0.869375 0.792083 0.010000 0.019167
0 0.187812 0.787083 0.008125 0.009167
0 0.132188 0.788750 0.008125 0.012500
0 0.561250 0.781667 0.001250 0.001667
0 0.055625 0.784167 0.008750 0.011667
0 0.501250 0.783750 0.018750 0.014167
0 0.565000 0.775833 0.001250 0.001667
0 0.544375 0.779583 0.011250 0.014167
0 0.902813 0.775417 0.009375 0.010833
0 0.443125 0.776250 0.010000 0.014167
0 0.415000 0.770833 0.008750 0.011667
0 0.878437 0.762083 0.000625 0.000833
0 0.352812 0.755833 0.000625 0.001667
0 0.461562 0.754583 0.000625 0.000833
0 0.765938 0.753750 0.001875 0.002500
0 0.389688 0.761667 0.010625 0.018333
0 0.888125 0.756667 0.011250 0.018333
0 0.766875 0.749167 0.002500 0.003333
0 0.722187 0.748333 0.001875 0.003333
0 0.509062 0.752917 0.010625 0.012500
0 0.623125 0.747083 0.002500 0.002500
0 0.929688 0.748750 0.001875 0.007500
0 0.829375 0.750000 0.006250 0.010000
0 0.000313 0.745417 0.000625 0.002500
0 0.311875 0.747917 0.008750 0.014167
0 0.441250 0.738333 0.003750 0.003333
0 0.280625 0.741667 0.008750 0.011667
0 0.782813 0.738750 0.006875 0.010833
0 0.623750 0.734167 0.001250 0.001667
0 0.997500 0.733333 0.002500 0.001667
0 0.995938 0.732083 0.000625 0.000833
0 0.623437 0.732083 0.000625 0.000833
0 0.000313 0.730833 0.000625 0.003333
0 0.490625 0.733750 0.008750 0.010833
0 0.631875 0.728750 0.002500 0.002500
0 0.422187 0.734167 0.018125 0.016667
0 0.385313 0.731667 0.011875 0.021667
0 0.572812 0.726250 0.008125 0.014167
0 0.284375 0.717917 0.001250 0.002500
0 0.974063 0.715417 0.000625 0.000833
0 0.280938 0.714583 0.000625 0.000833
0 0.414375 0.715833 0.005000 0.006667
0 0.280313 0.712917 0.000625 0.000833
0 0.130312 0.712917 0.000625 0.000833
0 0.809688 0.717083 0.010625 0.014167
0 0.469062 0.709167 0.005625 0.005000
0 0.525000 0.710417 0.010000 0.010833
0 0.465625 0.700833 0.001250 0.001667
0 0.617812 0.702500 0.006875 0.008333
0 0.368125 0.705000 0.011250 0.015000
0 0.713750 0.702917 0.011250 0.012500
0 0.219062 0.698333 0.001875 0.003333
0 0.910937 0.694583 0.000625 0.000833
0 0.229063 0.694583 0.000625 0.000833
0 0.049375 0.693750 0.003750 0.004167
0 0.990625 0.696667 0.008750 0.011667
0 0.226250 0.691250 0.002500 0.002500
0 0.907188 0.694583 0.005625 0.012500
0 0.740000 0.695833 0.008750 0.015000
0 0.511563 0.689167 0.001875 0.001667
0 0.299687 0.689583 0.001875 0.002500
0 0.133437 0.695417 0.009375 0.015833
0 0.912188 0.681667 0.001875 0.001667
0 0.512813 0.683333 0.013125 0.006667
0 0.874375 0.683750 0.005000 0.009167
0 0.582187 0.679583 0.006875 0.005833
0 0.022812 0.680417 0.009375 0.009167
0 0.715625 0.675000 0.003750 0.006667
0 0.575625 0.667917 0.001250 0.000833
0 0.389062 0.670417 0.005625 0.009167
0 0.796250 0.670417 0.003750 0.010833
0 0.716875 0.667500 0.006250 0.005000
0 0.470000 0.664167 0.003750 0.005000
0 0.883750 0.667083 0.012500 0.017500
0 0.845938 0.663750 0.010625 0.014167
0 0.415625 0.662500 0.008750 0.011667
0 0.908438 0.656250 0.000625 0.000833
0 0.278125 0.657917 0.002500 0.004167
0 0.903125 0.654167 0.003750 0.001667
0 0.126875 0.655000 0.005000 0.003333
0 0.282813 0.662500 0.013125 0.020000
0 0.865313 0.652500 0.000625 0.001667
0 0.863125 0.657083 0.010000 0.012500
0 0.751563 0.657083 0.011875 0.014167
0 0.370625 0.648750 0.001250 0.002500
0 0.557813 0.651667 0.016875 0.013333
0 0.122813 0.647500 0.006875 0.008333
0 0.445000 0.645417 0.010000 0.012500
0 0.940000 0.645000 0.011250 0.020000
0 0.198437 0.634583 0.000625 0.000833
0 0.229687 0.634167 0.000625 0.001667
0 0.483125 0.639583 0.010000 0.014167
0 0.783125 0.637083 0.013750 0.010833
0 0.686875 0.631250 0.002500 0.002500
0 0.224688 0.631667 0.003125 0.003333
0 0.051875 0.632500 0.005000 0.005000
0 0.231250 0.627083 0.001250 0.002500
0 0.605625 0.656667 0.033750 0.063333
0 0.221250 0.625833 0.001250 0.001667
0 0.193438 0.629583 0.005625 0.010833
0 0.855313 0.627083 0.009375 0.012500
0 0.820625 0.618333 0.002500 0.003333
0 0.131562 0.624167 0.006875 0.015000
0 0.550312 0.617083 0.004375 0.005833
0 0.364375 0.621667 0.011250 0.016667
0 0.811562 0.616250 0.014375 0.010833
0 0.972812 0.610417 0.006875 0.009167
0 0.504687 0.611250 0.005625 0.010833
0 0.089375 0.603333 0.008750 0.010000
0 0.325000 0.601250 0.008750 0.007500
0 0.775000 0.604167 0.008750 0.016667
0 0.022187 0.595833 0.000625 0.001667
0 0.020938 0.595833 0.000625 0.001667
0 0.036250 0.597083 0.003750 0.007500
0 0.939063 0.597083 0.011875 0.015833
0 0.371875 0.593750 0.011250 0.014167
0 0.847812 0.592917 0.008125 0.015833
0 0.344687 0.585417 0.000625 0.000833
0 0.040000 0.587917 0.005000 0.005833
0 0.346250 0.583750 0.001250 0.002500
0 0.830937 0.582083 0.000625 0.000833
0 0.348125 0.581250 0.001250 0.000833
0 0.238750 0.587083 0.011250 0.012500
0 0.977187 0.582500 0.005625 0.010000
0 0.600313 0.585000 0.009375 0.015000
0 0.265937 0.580417 0.011875 0.015833
0 0.920625 0.572917 0.003750 0.009167
0 0.619375 0.577083 0.008750 0.017500
0 0.780937 0.567917 0.003125 0.004167
0 0.686875 0.576250 0.008750 0.020833
0 0.474375 0.566250 0.001250 0.000833
0 0.472187 0.563750 0.000625 0.000833
0 0.306875 0.565000 0.002500 0.003333
0 0.380312 0.555000 0.001875 0.001667
0 0.560937 0.555417 0.004375 0.004167
0 0.660625 0.553750 0.001250 0.004167
0 0.438125 0.557500 0.011250 0.015000
0 0.187812 0.573333 0.046875 0.053333
0 0.380312 0.547083 0.001875 0.002500
0 0.031250 0.547083 0.002500 0.004167
0 0.024375 0.545833 0.001250 0.001667
0 0.089063 0.544583 0.000625 0.002500
0 0.926875 0.547917 0.010000 0.010833
0 0.409687 0.545833 0.004375 0.006667
0 0.646563 0.548750 0.011875 0.017500
0 0.619062 0.546250 0.009375 0.012500
0 0.395625 0.541250 0.003750 0.005833
0 0.982812 0.544167 0.015625 0.016667
0 0.583438 0.539167 0.006875 0.006667
0 0.472187 0.537917 0.004375 0.007500
0 0.696562 0.537500 0.008125 0.013333
0 0.080312 0.535000 0.015625 0.015000
0 0.350313 0.532083 0.010625 0.017500
0 0.262500 0.525417 0.005000 0.004167
0 0.523125 0.525417 0.006250 0.009167
0 0.102813 0.519583 0.000625 0.000833
0 0.215938 0.522083 0.006875 0.009167
0 0.012812 0.519583 0.014375 0.012500
0 0.110625 0.515000 0.005000 0.006667
0 0.670000 0.511250 0.001250 0.002500
0 0.218750 0.507500 0.003750 0.003333
0 0.911875 0.515000 0.010000 0.020000
0 0.993437 0.513333 0.013125 0.020000
0 0.956875 0.507500 0.005000 0.008333
0 0.358438 0.508333 0.009375 0.016667
0 0.490312 0.500000 0.001875 0.003333
0 0.824063 0.502500 0.013125 0.013333
0 0.712500 0.497083 0.001250 0.002500
0 0.862187 0.503333 0.010625 0.020000
0 0.721250 0.494583 0.002500 0.004167
0 0.323437 0.496667 0.008125 0.013333
0 0.252188 0.489583 0.000625 0.000833
0 0.342813 0.496250 0.013125 0.017500
0 0.979688 0.489583 0.011875 0.010833
0 0.370625 0.487083 0.012500 0.012500
0 0.195625 0.485417 0.015000 0.009167
0 0.175000 0.480417 0.002500 0.004167
0 0.482812 0.482083 0.015625 0.010833
0 0.250625 0.477083 0.002500 0.004167
0 0.179063 0.471667 0.001875 0.006667
0 0.142187 0.474167 0.013125 0.015000
0 0.045937 0.458333 0.003125 0.006667
0 0.413438 0.457917 0.008125 0.012500
0 0.376250 0.457917 0.012500 0.015833
0 0.395000 0.457083 0.011250 0.015833
0 0.226875 0.452083 0.005000 0.005833
0 0.844063 0.452500 0.008125 0.013333
0 0.588437 0.452500 0.014375 0.013333
0 0.292500 0.447500 0.006250 0.005000
0 0.338750 0.452083 0.008750 0.017500
0 0.830313 0.442917 0.001875 0.004167
0 0.079062 0.439583 0.000625 0.000833
0 0.083437 0.442500 0.006875 0.008333
0 0.829688 0.438333 0.000625 0.001667
0 0.829688 0.436250 0.000625 0.000833
0 0.294063 0.439583 0.006875 0.007500
0 0.145625 0.433333 0.002500 0.003333
0 0.820000 0.433333 0.005000 0.005000
0 0.175000 0.438333 0.007500 0.015000
0 0.142500 0.430833 0.001250 0.001667
0 0.150312 0.429583 0.003125 0.010833
0 0.387500 0.430833 0.010000 0.016667
0 0.832812 0.424583 0.004375 0.009167
0 0.429063 0.427500 0.018125 0.020000
0 0.590938 0.422917 0.013125 0.012500
0 0.127500 0.420000 0.007500 0.013333
0 0.549375 0.412500 0.005000 0.006667
0 0.979062 0.415417 0.011875 0.015833
0 0.144687 0.406250 0.001875 0.004167
0 0.421250 0.406250 0.002500 0.005833
0 0.298125 0.406250 0.006250 0.005833
0 0.959063 0.407917 0.009375 0.015833
0 0.145313 0.398750 0.000625 0.000833
0 0.938125 0.402500 0.010000 0.010000
0 0.348438 0.398750 0.011875 0.007500
0 0.645938 0.392500 0.001875 0.003333
0 0.305625 0.391667 0.003750 0.006667
0 0.488750 0.389167 0.010000 0.013333
0 0.162812 0.386250 0.008125 0.009167
0 0.250000 0.381667 0.002500 0.003333
0 0.225938 0.383750 0.010625 0.015833
0 0.581875 0.377917 0.010000 0.009167
0 0.151250 0.376250 0.006250 0.007500
0 0.730625 0.377083 0.008750 0.010833
0 0.987187 0.372083 0.004375 0.002500
0 0.045312 0.367083 0.001875 0.002500
0 0.389375 0.366667 0.001250 0.005000
0 0.392813 0.365417 0.001875 0.005833
0 0.978750 0.375000 0.016250 0.026667
0 0.802813 0.365000 0.004375 0.006667
0 0.391562 0.362083 0.000625 0.000833
0 0.390313 0.362083 0.000625 0.000833
0 0.330937 0.367083 0.010625 0.010833
0 0.531875 0.365833 0.005000 0.010000
0 0.729375 0.362917 0.005000 0.005833
0 0.654062 0.359583 0.000625 0.000833
0 0.477500 0.365000 0.012500 0.015000
0 0.500938 0.365833 0.011875 0.018333
0 0.030312 0.360833 0.008125 0.008333
0 0.060000 0.362500 0.010000 0.015000
0 0.048438 0.357917 0.006875 0.009167
0 0.700625 0.352083 0.002500 0.004167
0 0.212188 0.353333 0.013125 0.011667
0 0.110000 0.349583 0.005000 0.004167
0 0.810937 0.350417 0.006875 0.007500
0 0.294375 0.349167 0.012500 0.008333
0 0.432500 0.350000 0.012500 0.013333
0 0.117500 0.342917 0.001250 0.002500
0 0.475313 0.342083 0.015625 0.010833
0 0.149062 0.337500 0.001875 0.001667
0 0.940937 0.337083 0.005625 0.005833
0 0.455313 0.339167 0.009375 0.015000
0 0.043437 0.338333 0.011875 0.016667
0 0.505000 0.336667 0.012500 0.015000
0 0.001250 0.333750 0.002500 0.009167
0 0.110937 0.337083 0.006875 0.019167
0 0.479375 0.328333 0.008750 0.010000
0 0.454688 0.324167 0.001875 0.001667
0 0.005313 0.328333 0.005625 0.010000
0 0.000937 0.322917 0.001875 0.000833
0 0.572187 0.327083 0.010625 0.012500
0 0.841250 0.326250 0.011250 0.012500
0 0.524375 0.325833 0.011250 0.011667
0 0.468125 0.329167 0.010000 0.018333
0 0.403750 0.328333 0.011250 0.018333
0 0.883750 0.321667 0.008750 0.008333
0 0.851250 0.318333 0.001250 0.001667
0 0.212812 0.323333 0.014375 0.011667
0 0.801250 0.318333 0.002500 0.003333
0 0.360625 0.317917 0.002500 0.004167
0 0.889687 0.316250 0.003125 0.005833
0 0.072813 0.317500 0.010625 0.015000
0 0.829063 0.307917 0.003125 0.002500
0 0.592812 0.307917 0.003125 0.002500
0 0.298750 0.310417 0.006250 0.007500
0 0.586562 0.307917 0.005625 0.007500
0 0.605938 0.307083 0.008125 0.007500
0 0.422187 0.311250 0.011875 0.015833
0 0.341250 0.298750 0.001250 0.002500
0 0.334062 0.304583 0.008125 0.014167
0 0.024063 0.300000 0.003125 0.008333
0 0.356250 0.295417 0.001250 0.000833
0 0.123438 0.302083 0.009375 0.015833
0 0.345938 0.294583 0.003125 0.002500
0 0.339687 0.292083 0.000625 0.000833
0 0.555000 0.294167 0.006250 0.010000
0 0.815312 0.291250 0.011875 0.015833
0 0.927500 0.284167 0.003750 0.003333
0 0.927188 0.279583 0.000625 0.000833
0 0.495625 0.279583 0.001250 0.000833
0 0.283438 0.285833 0.011875 0.015000
0 0.500625 0.281667 0.013750 0.010000
0 0.300625 0.284583 0.011250 0.015833
0 0.142500 0.279583 0.012500 0.009167
0 0.971875 0.277500 0.011250 0.010000
0 0.430625 0.280833 0.010000 0.018333
0 0.621563 0.272083 0.003125 0.004167
0 0.565937 0.275417 0.008125 0.010833
0 0.928750 0.272500 0.008750 0.006667
0 0.401562 0.267083 0.004375 0.002500
0 0.631563 0.273333 0.008125 0.018333
0 0.396875 0.265000 0.003750 0.005000
0 0.385937 0.259583 0.005625 0.015833
0 0.788125 0.255833 0.008750 0.010000
0 0.525312 0.256667 0.013125 0.011667
0 0.501875 0.252500 0.005000 0.005000
0 0.671562 0.257500 0.010625 0.016667
0 0.976875 0.256250 0.013750 0.015833
0 0.303125 0.254167 0.008750 0.011667
0 0.163438 0.252917 0.009375 0.010833
0 0.362500 0.247083 0.001250 0.000833
0 0.360312 0.249167 0.005625 0.006667
0 0.200937 0.254583 0.008125 0.017500
0 0.618750 0.249167 0.007500 0.011667
0 0.417500 0.244167 0.001250 0.001667
0 0.847500 0.247083 0.013750 0.012500
0 0.939063 0.240417 0.000625 0.000833
0 0.398750 0.247500 0.012500 0.015000
0 0.880313 0.240833 0.003125 0.003333
0 0.492812 0.250833 0.010625 0.025000
0 0.084062 0.242500 0.010625 0.011667
0 0.338125 0.240833 0.007500 0.010000
0 0.990000 0.235417 0.001250 0.000833
0 0.939063 0.235417 0.003125 0.004167
0 0.635312 0.236250 0.009375 0.009167
0 0.423125 0.237500 0.005000 0.013333
0 0.742188 0.238750 0.011875 0.024167
0 0.037500 0.229583 0.006250 0.005833
0 0.763750 0.228750 0.003750 0.007500
0 0.478750 0.232500 0.007500 0.015000
0 0.304375 0.222500 0.001250 0.001667
0 0.307812 0.222083 0.003125 0.005833
0 0.139375 0.225833 0.010000 0.013333
0 0.442500 0.214583 0.001250 0.002500
0 0.915000 0.214167 0.002500 0.003333
0 0.304063 0.214583 0.003125 0.004167
0 0.789375 0.216250 0.012500 0.014167
0 0.650000 0.215417 0.012500 0.012500
0 0.709375 0.213750 0.006250 0.014167
0 0.621875 0.213333 0.012500 0.015000
0 0.528750 0.207500 0.002500 0.005000
0 0.309063 0.205417 0.000625 0.000833
0 0.313125 0.207083 0.006250 0.005833
0 0.974375 0.204167 0.002500 0.003333
0 0.979062 0.200417 0.000625 0.000833
0 0.413125 0.204167 0.005000 0.010000
0 0.975313 0.198750 0.003125 0.002500
0 0.258125 0.202917 0.008750 0.012500
0 0.697187 0.196250 0.000625 0.000833
0 0.390625 0.201667 0.008750 0.015000
0 0.925000 0.197917 0.008750 0.009167
0 0.282187 0.198750 0.009375 0.012500
0 0.699688 0.191667 0.000625 0.001667
0 0.931875 0.190833 0.005000 0.006667
0 0.883125 0.192500 0.008750 0.011667
0 0.604062 0.193333 0.008125 0.013333
0 0.981875 0.192083 0.005000 0.014167
0 0.769687 0.184583 0.000625 0.000833
0 0.935312 0.185417 0.003125 0.004167
0 0.062812 0.203750 0.035625 0.044167
0 0.826250 0.187083 0.010000 0.014167
0 0.680937 0.202083 0.031875 0.044167
0 0.989688 0.181667 0.003125 0.005000
0 0.637813 0.185000 0.013125 0.011667
0 0.088125 0.184167 0.008750 0.013333
0 0.360000 0.182917 0.008750 0.015833
0 0.765000 0.179583 0.005000 0.012500
0 0.960938 0.172083 0.001875 0.002500
0 0.957500 0.172917 0.002500 0.005833
0 0.189688 0.168750 0.005625 0.005833
0 0.964688 0.166250 0.001875 0.002500
0 0.750625 0.172917 0.007500 0.015833
0 0.509687 0.166667 0.006875 0.006667
0 0.077188 0.163333 0.006875 0.006667
0 0.137187 0.163750 0.008125 0.009167
0 0.440937 0.159167 0.001875 0.001667
0 0.273125 0.163750 0.005000 0.010833
0 0.237187 0.165833 0.008125 0.015000
0 0.484687 0.158333 0.001875 0.003333
0 0.818750 0.155833 0.001250 0.001667
0 0.649687 0.161250 0.009375 0.015833
0 0.477187 0.156250 0.003125 0.007500
0 0.096250 0.158333 0.011250 0.015000
0 0.814688 0.160000 0.014375 0.020000
0 0.615938 0.150417 0.000625 0.000833
0 0.510312 0.152917 0.006875 0.007500
0 0.459688 0.152917 0.006875 0.010833
0 0.291250 0.155000 0.010000 0.015000
0 0.785000 0.147083 0.010000 0.014167
0 0.637188 0.145417 0.008125 0.014167
0 0.747812 0.145833 0.011875 0.016667
0 0.717187 0.139167 0.005625 0.006667
0 0.255625 0.140417 0.011250 0.010833
0 0.332500 0.140000 0.008750 0.011667
0 0.573750 0.137917 0.015000 0.012500
0 0.269062 0.135000 0.005625 0.006667
0 0.909062 0.128750 0.000625 0.000833
0 0.914687 0.126250 0.000625 0.000833
0 0.700313 0.128750 0.005625 0.005833
0 0.631563 0.125833 0.004375 0.006667
0 0.857812 0.147500 0.036875 0.055000
0 0.194062 0.124583 0.018125 0.009167
0 0.415625 0.126667 0.011250 0.015000
0 0.882500 0.126250 0.006250 0.015833
0 0.436563 0.115417 0.006875 0.007500
0 0.045000 0.118750 0.010000 0.017500
0 0.274375 0.114167 0.007500 0.010000
0 0.149375 0.107500 0.007500 0.006667
0 0.565312 0.108750 0.015625 0.014167
0 0.800937 0.102083 0.003125 0.002500
0 0.258437 0.107917 0.010625 0.014167
0 0.823750 0.125833 0.036250 0.053333
0 0.105625 0.107083 0.008750 0.017500
0 0.591250 0.104167 0.011250 0.015000
0 0.622500 0.104167 0.013750 0.016667
0 0.365000 0.102083 0.005000 0.012500
0 0.286250 0.097500 0.011250 0.015000
0 0.023750 0.093750 0.005000 0.007500
0 0.083750 0.095417 0.010000 0.015833
0 0.806562 0.090000 0.004375 0.006667
0 0.227187 0.090833 0.008125 0.010000
0 0.318437 0.097917 0.013125 0.025833
0 0.936562 0.089167 0.006875 0.011667
0 0.544063 0.085000 0.010625 0.011667
0 0.119063 0.085833 0.008125 0.015000
0 0.735313 0.083333 0.010625 0.011667
0 0.263125 0.080417 0.013750 0.017500
0 0.791875 0.076667 0.011250 0.011667
0 0.093125 0.070417 0.003750 0.009167
0 0.279062 0.070000 0.006875 0.010000
0 0.163438 0.065833 0.001875 0.001667
0 0.239375 0.068333 0.006250 0.008333
0 0.993437 0.066667 0.006875 0.008333
0 0.910312 0.068333 0.008125 0.015000
0 0.714063 0.066250 0.006875 0.010833
0 0.860625 0.061667 0.001250 0.003333
0 0.394375 0.062917 0.003750 0.009167
0 0.426250 0.063333 0.010000 0.011667
0 0.506563 0.079583 0.040625 0.047500
0 0.567813 0.060000 0.008125 0.010000
0 0.482812 0.056250 0.013125 0.012500
0 0.065312 0.055000 0.010625 0.013333
0 0.882188 0.074167 0.038125 0.055000
0 0.944688 0.048333 0.013125 0.013333
0 0.255312 0.047083 0.008125 0.012500
0 0.969063 0.049583 0.010625 0.019167
0 0.266562 0.048333 0.008125 0.016667
0 0.085000 0.043750 0.006250 0.007500
0 0.229063 0.041667 0.008125 0.008333
0 0.138750 0.043333 0.010000 0.015000
0 0.506563 0.040833 0.013125 0.011667
0 0.112187 0.038333 0.005625 0.006667
0 0.080937 0.036667 0.001875 0.003333
0 0.051562 0.040000 0.010625 0.013333
0 0.525000 0.036667 0.011250 0.015000
0 0.169063 0.035000 0.010625 0.015000
0 0.021875 0.034167 0.011250 0.016667
0 0.890625 0.025417 0.002500 0.000833
0 0.326562 0.030417 0.006875 0.010833
0 0.886563 0.026250 0.004375 0.005833
0 0.750938 0.050000 0.049375 0.055000
0 0.648750 0.031667 0.011250 0.020000
0 0.001250 0.026250 0.002500 0.010833
0 0.680937 0.019583 0.000625 0.000833
0 0.673750 0.024583 0.007500 0.010833
0 0.891875 0.020000 0.008750 0.005000
0 0.270937 0.022083 0.006875 0.009167
0 0.391875 0.021667 0.005000 0.010000
0 0.118438 0.020417 0.010625 0.007500
0 0.140000 0.015833 0.002500 0.005000
0 0.480938 0.013333 0.001875 0.003333
0 0.540625 0.014583 0.007500 0.009167
0 0.437812 0.015000 0.014375 0.010000
0 0.283750 0.010417 0.003750 0.002500
0 0.470625 0.007500 0.001250 0.001667
0 0.476250 0.011250 0.007500 0.010833
0 0.012500 0.008333 0.011250 0.013333
0 0.935312 0.003333 0.009375 0.006667
0 0.505000 0.003750 0.005000 0.007500
0 0.320000 0.002500 0.007500 0.005000
0 0.255312 0.007500 0.010625 0.015000
0 0.230313 0.004583 0.010625 0.009167