0 0.822187 0.999583 0.000625 0.000833
0 0.822187 0.997917 0.000625 0.000833
0 0.553438 0.997917 0.000625 0.000833
0 0.551250 0.998333 0.001250 0.001667
0 0.549687 0.996250 0.000625 0.000833
0 0.553125 0.994583 0.001250 0.000833
0 0.507188 0.996667 0.008125 0.006667
0 0.557187 0.988750 0.011875 0.009167
0 0.766250 0.985417 0.002500 0.004167
0 0.306875 0.987500 0.005000 0.008333
0 0.613750 0.981667 0.001250 0.001667
0 0.935000 0.978750 0.001250 0.002500
0 0.614688 0.978333 0.003125 0.003333
0 0.474375 0.977917 0.003750 0.005833
0 0.380937 0.975417 0.000625 0.000833
0 0.385000 0.975833 0.003750 0.005000
0 0.462813 0.972917 0.000625 0.000833
0 0.500938 0.970000 0.000625 0.001667
0 0.033750 0.968333 0.002500 0.001667
0 0.938125 0.970000 0.007500 0.013333
0 0.032813 0.963750 0.000625 0.000833
0 0.442812 0.967500 0.013125 0.013333
0 0.315625 0.960417 0.001250 0.000833
0 0.319688 0.962500 0.009375 0.010000
0 0.078125 0.960000 0.003750 0.005000
0 0.404062 0.960417 0.009375 0.007500
0 0.362812 0.956250 0.003125 0.007500
0 0.920312 0.950833 0.000625 0.001667
0 0.863750 0.955000 0.013750 0.010000
0 0.373437 0.951667 0.004375 0.006667
0 0.366250 0.950000 0.002500 0.003333
0 0.212500 0.952083 0.007500 0.014167
0 0.300312 0.944583 0.000625 0.000833
0 0.195625 0.942917 0.003750 0.007500
0 0.347187 0.945833 0.006875 0.016667
0 0.067187 0.936667 0.008125 0.011667
0 0.771250 0.930000 0.006250 0.005000
0 0.408125 0.927917 0.002500 0.000833
0 0.960313 0.936250 0.009375 0.019167
0 0.918750 0.927917 0.002500 0.004167
0 0.391875 0.929583 0.006250 0.007500
0 0.439063 0.927500 0.030625 0.016667
0 0.217812 0.924167 0.005625 0.015000
0 0.424687 0.914167 0.001875 0.001667
0 0.443750 0.912500 0.005000 0.003333
0 0.667500 0.915417 0.010000 0.012500
0 0.530625 0.907500 0.005000 0.005000
0 0.014063 0.905833 0.000625 0.001667
0 0.450937 0.905417 0.001875 0.004167
0 0.458125 0.902500 0.002500 0.001667
0 0.797188 0.902500 0.003125 0.003333
0 0.464687 0.901667 0.000625 0.001667
0 0.460313 0.901250 0.000625 0.000833
0 0.507812 0.904583 0.009375 0.010833
0 0.584063 0.895000 0.000625 0.001667
0 0.987500 0.902500 0.010000 0.021667
0 0.769062 0.893333 0.004375 0.003333
0 0.765312 0.892083 0.000625 0.000833
0 0.118125 0.893750 0.003750 0.005833
0 0.067500 0.891250 0.002500 0.002500
0 0.430312 0.896667 0.009375 0.015000
0 0.755000 0.895000 0.011250 0.013333
0 0.536563 0.887917 0.006875 0.005833
0 0.087500 0.887500 0.007500 0.008333
0 0.038125 0.888333 0.015000 0.011667
0 0.804688 0.887917 0.008125 0.012500
0 0.942813 0.884583 0.010625 0.010833
0 0.476562 0.882917 0.006875 0.007500
0 0.528438 0.879583 0.004375 0.005833
0 0.825000 0.885833 0.012500 0.026667
0 0.773125 0.867083 0.001250 0.000833
0 0.587187 0.870417 0.003125 0.009167
0 0.162812 0.870833 0.008125 0.010000
0 0.832187 0.867500 0.011875 0.013333
0 0.856250 0.859167 0.012500 0.011667
0 0.623125 0.851250 0.001250 0.000833
0 0.625625 0.851250 0.002500 0.002500
0 0.505625 0.849583 0.001250 0.000833
0 0.132500 0.845417 0.001250 0.002500
0 0.612500 0.845000 0.010000 0.010000
0 0.343125 0.840833 0.001250 0.001667
0 0.345313 0.839583 0.000625 0.000833
0 0.737500 0.847083 0.013750 0.017500
0 0.449688 0.843333 0.013125 0.011667
0 0.096562 0.835417 0.000625 0.000833
0 0.278125 0.833750 0.001250 0.000833
0 0.263125 0.833750 0.001250 0.000833
0 0.265625 0.832500 0.001250 0.001667
0 0.489375 0.836667 0.012500 0.011667
0 0.677813 0.829167 0.003125 0.005000
0 0.281562 0.827083 0.000625 0.000833
0 0.222188 0.829167 0.003125 0.005000
0 0.883750 0.832083 0.021250 0.012500
0 0.272500 0.829583 0.012500 0.009167
0 0.840938 0.826250 0.014375 0.007500
0 0.522813 0.830000 0.010625 0.025000
0 0.749375 0.817917 0.007500 0.005833
0 0.685312 0.816250 0.009375 0.009167
0 0.900625 0.814167 0.006250 0.006667
0 0.995000 0.814167 0.010000 0.010000
0 0.564375 0.812083 0.002500 0.007500
0 0.562500 0.809583 0.001250 0.002500
0 0.567813 0.808333 0.000625 0.001667
0 0.870313 0.810000 0.008125 0.008333
0 0.603125 0.806250 0.001250 0.000833
0 0.567500 0.808750 0.002500 0.007500
0 0.535937 0.812500 0.009375 0.015000
0 0.701562 0.809583 0.009375 0.010833
0 0.604062 0.801667 0.000625 0.001667
0 0.162188 0.807917 0.015625 0.014167
0 0.604375 0.798750 0.001250 0.000833
0 0.250937 0.805000 0.013125 0.020000
0 0.184062 0.785417 0.003125 0.002500
0 0.609062 0.789583 0.010625 0.020833
0 0.978437 0.782917 0.011875 0.010833
0 0.537813 0.779583 0.004375 0.005833
0 0.826562 0.779167 0.011875 0.015000
0 0.988750 0.772917 0.005000 0.005833
0 0.765312 0.771667 0.004375 0.003333
0 0.684688 0.776667 0.015625 0.015000
0 0.248750 0.769167 0.001250 0.001667
0 0.761563 0.768750 0.003125 0.002500
0 0.547813 0.772500 0.005625 0.011667
0 0.258437 0.767083 0.001875 0.002500
0 0.254375 0.770000 0.008750 0.008333
0 0.254375 0.765417 0.001250 0.000833
0 0.247500 0.765417 0.002500 0.000833
0 0.775000 0.768333 0.010000 0.008333
0 0.573438 0.764583 0.000625 0.000833
0 0.539375 0.765417 0.007500 0.009167
0 0.572187 0.761667 0.003125 0.003333
0 0.770000 0.755833 0.001250 0.001667
0 0.734375 0.761250 0.013750 0.014167
0 0.048438 0.752083 0.000625 0.000833
0 0.710000 0.751250 0.017500 0.012500
0 0.999062 0.742917 0.000625 0.002500
0 0.047188 0.746250 0.014375 0.014167
0 0.798438 0.734583 0.006875 0.009167
0 0.993437 0.728333 0.000625 0.001667
0 0.970313 0.727083 0.000625 0.000833
0 0.506250 0.730417 0.003750 0.007500
0 0.899375 0.722917 0.001250 0.000833
0 0.839375 0.723333 0.001250 0.001667
0 0.946875 0.725833 0.010000 0.008333
0 0.815312 0.732500 0.010625 0.023333
0 0.905312 0.720417 0.000625 0.000833
0 0.899062 0.720417 0.000625 0.000833
0 0.852500 0.721250 0.002500 0.002500
0 0.841875 0.720833 0.001250 0.001667
0 0.784375 0.722500 0.002500 0.005000
0 0.843437 0.720000 0.000625 0.001667
0 0.835313 0.720833 0.001875 0.003333
0 0.846562 0.718750 0.000625 0.000833
0 0.526250 0.727083 0.012500 0.017500
0 0.835313 0.717917 0.000625 0.000833
0 0.664062 0.719583 0.006875 0.005833
0 0.904375 0.717083 0.006250 0.007500
0 0.900312 0.713750 0.000625 0.000833
0 0.301250 0.716250 0.005000 0.005833
0 0.295938 0.713750 0.001875 0.000833
0 0.295625 0.711667 0.001250 0.001667
0 0.140937 0.717083 0.013125 0.014167
0 0.334062 0.706250 0.000625 0.000833
0 0.846875 0.710417 0.012500 0.014167
0 0.551562 0.706250 0.005625 0.005833
0 0.178125 0.706667 0.007500 0.010000
0 0.611563 0.704583 0.014375 0.010833
0 0.335938 0.701250 0.004375 0.005833
0 0.794687 0.706667 0.011875 0.018333
0 0.470938 0.696250 0.000625 0.000833
0 0.248438 0.697083 0.000625 0.002500
0 0.353438 0.695417 0.000625 0.000833
0 0.703750 0.700000 0.011250 0.023333
0 0.239375 0.696250 0.015000 0.015833
0 0.355312 0.692500 0.011875 0.010000
0 0.583750 0.691667 0.012500 0.011667
0 0.930625 0.685833 0.001250 0.001667
0 0.832812 0.683750 0.000625 0.000833
0 0.595625 0.685417 0.003750 0.005833
0 0.834063 0.682083 0.000625 0.000833
0 0.883750 0.680833 0.003750 0.003333
0 0.836562 0.678333 0.003125 0.003333
0 0.759687 0.669583 0.000625 0.000833
0 0.650625 0.667083 0.002500 0.002500
0 0.654375 0.665417 0.002500 0.002500
0 0.953438 0.665833 0.006875 0.006667
0 0.535625 0.669167 0.011250 0.016667
0 0.348750 0.667083 0.011250 0.012500
0 0.326562 0.660417 0.000625 0.000833
0 0.497812 0.660417 0.005625 0.002500
0 0.329688 0.660000 0.000625 0.001667
0 0.327813 0.659583 0.000625 0.000833
0 0.763125 0.664167 0.005000 0.011667
0 0.295000 0.660000 0.002500 0.003333
0 0.410313 0.667083 0.015625 0.019167
0 0.804375 0.663750 0.011250 0.014167
0 0.390000 0.657083 0.001250 0.000833
0 0.391250 0.661250 0.007500 0.010833
0 0.379375 0.655000 0.001250 0.001667
0 0.781875 0.657500 0.007500 0.008333
0 0.373125 0.660833 0.011250 0.015000
0 0.149688 0.660000 0.009375 0.016667
0 0.359375 0.650833 0.008750 0.013333
0 0.757188 0.660417 0.014375 0.034167
0 0.787813 0.647083 0.013125 0.014167
0 0.384062 0.643750 0.008125 0.007500
0 0.120000 0.641250 0.005000 0.005833
0 0.401875 0.644583 0.010000 0.014167
0 0.016875 0.640417 0.002500 0.007500
0 0.521875 0.643750 0.012500 0.017500
0 0.825313 0.633750 0.000625 0.000833
0 0.824063 0.632917 0.000625 0.000833
0 0.218438 0.635000 0.004375 0.005000
0 0.085938 0.632917 0.000625 0.000833
0 0.491563 0.632083 0.000625 0.000833
0 0.490312 0.632083 0.000625 0.000833
0 0.089688 0.635833 0.004375 0.008333
0 0.100312 0.631250 0.003125 0.005833
0 0.834063 0.634167 0.011875 0.013333
0 0.745938 0.634167 0.010625 0.013333
0 0.214375 0.628750 0.005000 0.004167
0 0.878125 0.628750 0.010000 0.009167
0 0.202187 0.626667 0.004375 0.005000
0 0.221250 0.626250 0.007500 0.010833
0 0.564375 0.622083 0.003750 0.004167
0 0.938125 0.621667 0.010000 0.010000
0 0.891563 0.617917 0.019375 0.009167
0 0.447500 0.618750 0.010000 0.019167
0 0.832187 0.614583 0.006875 0.012500
0 0.760000 0.614167 0.013750 0.016667
0 0.339062 0.606250 0.000625 0.000833
0 0.898125 0.607500 0.008750 0.006667
0 0.727500 0.603750 0.002500 0.000833
0 0.801875 0.605833 0.006250 0.008333
0 0.338438 0.602917 0.001875 0.002500
0 0.731250 0.602500 0.002500 0.003333
0 0.515312 0.602917 0.001875 0.005833
0 0.285000 0.599167 0.001250 0.001667
0 0.639687 0.598750 0.001875 0.002500
0 0.635938 0.595417 0.000625 0.000833
0 0.456875 0.599167 0.012500 0.013333
0 0.634062 0.593333 0.004375 0.003333
0 0.728125 0.593333 0.007500 0.010000
0 0.632812 0.588333 0.006875 0.006667
0 0.512188 0.589167 0.008125 0.008333
0 0.641250 0.589583 0.010000 0.010833
0 0.810312 0.582917 0.000625 0.000833
0 0.393750 0.586250 0.008750 0.009167
0 0.394688 0.581250 0.000625 0.000833
0 0.807813 0.580833 0.001875 0.001667
0 0.804688 0.582500 0.004375 0.005000
0 0.527188 0.589583 0.015625 0.022500
0 0.974375 0.583333 0.007500 0.015000
0 0.815312 0.585417 0.018125 0.019167
0 0.414375 0.579167 0.010000 0.011667
0 0.851562 0.578333 0.019375 0.013333
0 0.435000 0.570833 0.005000 0.008333
0 0.847187 0.564583 0.000625 0.000833
0 0.472187 0.565000 0.000625 0.001667
0 0.750313 0.568333 0.008125 0.010000
0 0.466875 0.566250 0.006250 0.005833
0 0.508750 0.559583 0.001250 0.000833
0 0.353750 0.559583 0.001250 0.000833
0 0.107813 0.560833 0.003125 0.003333
0 0.606563 0.559167 0.004375 0.003333
0 0.290312 0.557917 0.000625 0.000833
0 0.109375 0.557500 0.001250 0.001667
0 0.448750 0.558750 0.003750 0.005833
0 0.305312 0.552917 0.001875 0.000833
0 0.190938 0.552917 0.000625 0.000833
0 0.988750 0.557500 0.008750 0.011667
0 0.850313 0.552083 0.000625 0.000833
0 0.830937 0.559583 0.010625 0.017500
0 0.188438 0.551667 0.001875 0.001667
0 0.436563 0.550833 0.000625 0.001667
0 0.296250 0.555833 0.008750 0.011667
0 0.302187 0.550417 0.001875 0.002500
0 0.306250 0.550833 0.005000 0.005000
0 0.422187 0.554583 0.006875 0.014167
0 0.420625 0.545833 0.001250 0.001667
0 0.847500 0.547083 0.007500 0.005833
0 0.573750 0.552500 0.011250 0.018333
0 0.176563 0.543750 0.000625 0.000833
0 0.199375 0.543333 0.007500 0.006667
0 0.181875 0.547500 0.016250 0.015000
0 0.533438 0.544583 0.010625 0.010833
0 0.939063 0.544583 0.010625 0.012500
0 0.190312 0.539583 0.001875 0.002500
0 0.793125 0.535833 0.001250 0.001667
0 0.374688 0.532917 0.000625 0.000833
0 0.300000 0.531250 0.001250 0.000833
0 0.283750 0.528333 0.001250 0.001667
0 0.914687 0.531667 0.019375 0.010000
0 0.260625 0.533333 0.010000 0.013333
0 0.236250 0.531250 0.010000 0.009167
0 0.722187 0.528750 0.010625 0.007500
0 0.528750 0.524167 0.002500 0.003333
0 0.319063 0.529583 0.008125 0.014167
0 0.573750 0.522083 0.002500 0.002500
0 0.806250 0.523750 0.006250 0.009167
0 0.734062 0.520833 0.003125 0.003333
0 0.547813 0.526250 0.005625 0.014167
0 0.373437 0.522500 0.006875 0.008333
0 0.763437 0.520417 0.003125 0.005833
0 0.357500 0.523750 0.006250 0.012500
0 0.753125 0.517083 0.001250 0.002500
0 0.307500 0.516667 0.001250 0.003333
0 0.956250 0.515000 0.001250 0.001667
0 0.333125 0.515833 0.002500 0.003333
0 0.201250 0.519583 0.006250 0.010833
0 0.696562 0.513750 0.000625 0.000833
0 0.279062 0.513750 0.000625 0.000833
0 0.219375 0.514583 0.001250 0.002500
0 0.955937 0.512500 0.000625 0.001667
0 0.969688 0.511250 0.000625 0.000833
0 0.752188 0.510833 0.000625 0.001667
0 0.968437 0.510000 0.000625 0.001667
0 0.955313 0.509583 0.000625 0.000833
0 0.620313 0.509583 0.000625 0.000833
0 0.304688 0.509583 0.000625 0.000833
0 0.690625 0.513750 0.011250 0.012500
0 0.225625 0.512083 0.008750 0.009167
0 0.161875 0.512500 0.008750 0.010000
0 0.123750 0.507500 0.001250 0.001667
0 0.960938 0.513333 0.005625 0.015000
0 0.814375 0.507083 0.003750 0.004167
0 0.122813 0.505417 0.000625 0.000833
0 0.726562 0.503750 0.000625 0.000833
0 0.172187 0.507917 0.005625 0.009167
0 0.390625 0.502917 0.001250 0.000833
0 0.300938 0.503750 0.003125 0.004167
0 0.351250 0.507917 0.013750 0.017500
0 0.119688 0.502083 0.003125 0.007500
0 0.988437 0.501667 0.006875 0.010000
0 0.890938 0.504167 0.016875 0.015000
0 0.730313 0.497083 0.000625 0.002500
0 0.710313 0.495417 0.000625 0.000833
0 0.251875 0.501250 0.012500 0.012500
0 0.711562 0.494583 0.000625 0.002500
0 0.724375 0.494167 0.003750 0.006667
0 0.457813 0.497917 0.009375 0.015833
0 0.715313 0.492500 0.005625 0.006667
0 0.837812 0.487083 0.000625 0.000833
0 0.752500 0.490833 0.007500 0.008333
0 0.741563 0.487083 0.000625 0.000833
0 0.719063 0.487917 0.000625 0.002500
0 0.716875 0.487500 0.001250 0.001667
0 0.386562 0.483333 0.004375 0.005000
0 0.133437 0.482917 0.006875 0.005833
0 0.963437 0.481667 0.003125 0.005000
0 0.596250 0.486250 0.013750 0.014167
0 0.377188 0.484583 0.009375 0.012500
0 0.935000 0.477083 0.001250 0.002500
0 0.840625 0.477500 0.001250 0.003333
0 0.624687 0.484167 0.011875 0.016667
0 0.311875 0.478333 0.005000 0.005000
0 0.566250 0.473750 0.002500 0.000833
0 0.938125 0.473750 0.001250 0.002500
0 0.899687 0.480000 0.014375 0.018333
0 0.236875 0.473750 0.005000 0.007500
0 0.202500 0.470000 0.005000 0.003333
0 0.247812 0.469583 0.008125 0.007500
0 0.834688 0.475000 0.010625 0.021667
0 0.123125 0.465833 0.007500 0.005000
0 0.376563 0.462083 0.000625 0.000833
0 0.202813 0.464167 0.005625 0.006667
0 0.850000 0.464583 0.012500 0.010833
0 0.535312 0.463750 0.013125 0.012500
0 0.918750 0.461667 0.010000 0.011667
0 0.699375 0.462500 0.012500 0.015000
0 0.682187 0.453750 0.004375 0.004167
0 0.320625 0.456667 0.008750 0.013333
0 0.902500 0.454167 0.010000 0.011667
0 0.560625 0.455417 0.012500 0.014167
0 0.281875 0.447500 0.001250 0.001667
0 0.987812 0.446250 0.000625 0.000833
0 0.451562 0.447083 0.006875 0.007500
0 0.982187 0.445000 0.009375 0.013333
0 0.953438 0.438750 0.001875 0.002500
0 0.446250 0.438333 0.002500 0.003333
0 0.429688 0.434583 0.001875 0.002500
0 0.877500 0.436250 0.003750 0.007500
0 0.170625 0.437917 0.008750 0.010833
0 0.503437 0.432083 0.000625 0.000833
0 0.328750 0.438750 0.018750 0.015833
0 0.500313 0.430417 0.000625 0.000833
0 0.514375 0.430000 0.002500 0.001667
0 0.780937 0.433750 0.008125 0.012500
0 0.658750 0.435417 0.013750 0.015833
0 0.647813 0.428333 0.000625 0.001667
0 0.499688 0.427917 0.001875 0.002500
0 0.473125 0.429583 0.006250 0.005833
0 0.452188 0.427083 0.000625 0.000833
0 0.498125 0.422500 0.001250 0.001667
0 0.118125 0.427917 0.010000 0.012500
0 0.509687 0.420417 0.000625 0.000833
0 0.503750 0.423750 0.005000 0.009167
0 0.446562 0.417917 0.009375 0.007500
0 0.092813 0.417917 0.008125 0.009167
0 0.508437 0.412917 0.000625 0.000833
0 0.475938 0.413750 0.006875 0.004167
0 0.596562 0.411250 0.000625 0.000833
0 0.817500 0.417083 0.013750 0.014167
0 0.596250 0.409167 0.005000 0.003333
0 0.983437 0.409167 0.006875 0.008333
0 0.504062 0.410417 0.011875 0.010833
0 0.880938 0.412083 0.011875 0.015833
0 0.864062 0.406667 0.004375 0.005000
0 0.857187 0.407500 0.008125 0.008333
0 0.372500 0.403750 0.006250 0.007500
0 0.983437 0.399167 0.003125 0.003333
0 0.767813 0.405000 0.008125 0.015000
0 0.396562 0.394583 0.000625 0.000833
0 0.203750 0.400000 0.011250 0.011667
0 0.192188 0.394583 0.000625 0.000833
0 0.710938 0.387083 0.000625 0.000833
0 0.639687 0.386250 0.000625 0.000833
0 0.685312 0.385833 0.000625 0.001667
0 0.345938 0.384583 0.000625 0.000833
0 0.758437 0.389167 0.008125 0.011667
0 0.344062 0.384167 0.001875 0.001667
0 0.397188 0.382500 0.001875 0.001667
0 0.712500 0.382083 0.001250 0.002500
0 0.163750 0.384583 0.011250 0.007500
0 0.007188 0.380417 0.001875 0.000833
0 0.685000 0.381250 0.002500 0.004167
0 0.683438 0.377500 0.000625 0.001667
0 0.519375 0.380417 0.007500 0.007500
0 0.401562 0.379583 0.006875 0.005833
0 0.000313 0.376250 0.000625 0.002500
0 0.970938 0.382083 0.008125 0.017500
0 0.754375 0.374583 0.002500 0.002500
0 0.752188 0.373750 0.000625 0.000833
0 0.478125 0.377500 0.008750 0.011667
0 0.009687 0.373750 0.010625 0.005833
0 0.780000 0.375417 0.007500 0.017500
0 0.868750 0.367917 0.003750 0.004167
0 0.861563 0.365833 0.003125 0.001667
0 0.401250 0.364583 0.002500 0.002500
0 0.291875 0.367500 0.008750 0.008333
0 0.861250 0.362917 0.002500 0.002500
0 0.865000 0.361667 0.002500 0.001667
0 0.434688 0.362500 0.001875 0.003333
0 0.653125 0.362083 0.007500 0.009167
0 0.894687 0.356250 0.000625 0.000833
0 0.896563 0.355000 0.000625 0.001667
0 0.758437 0.352917 0.000625 0.000833
0 0.215938 0.357917 0.013125 0.010833
0 0.562187 0.357500 0.011875 0.013333
0 0.749375 0.353750 0.006250 0.007500
0 0.565312 0.349583 0.000625 0.000833
0 0.929688 0.351250 0.005625 0.007500
0 0.838750 0.347917 0.002500 0.000833
0 0.837812 0.345417 0.000625 0.000833
0 0.000313 0.335417 0.000625 0.004167
0 0.202813 0.338333 0.006875 0.016667
0 0.309688 0.329583 0.000625 0.000833
0 0.100000 0.335417 0.011250 0.015833
0 0.849688 0.319167 0.000625 0.001667
0 0.142187 0.320833 0.010625 0.008333
0 0.854688 0.316250 0.000625 0.000833
0 0.344687 0.317083 0.000625 0.004167
0 0.855938 0.314583 0.001875 0.002500
0 0.611563 0.314167 0.003125 0.005000
0 0.828750 0.314167 0.008750 0.010000
0 0.388125 0.315833 0.021250 0.013333
0 0.309063 0.315417 0.009375 0.014167
0 0.571875 0.314167 0.011250 0.015000
0 0.353438 0.316667 0.016875 0.020000
0 0.870625 0.302083 0.001250 0.000833
0 0.430625 0.307500 0.008750 0.018333
0 0.641563 0.296250 0.000625 0.000833
0 0.643437 0.295417 0.000625 0.000833
0 0.639687 0.295417 0.000625 0.000833
0 0.642813 0.293750 0.000625 0.000833
0 0.645000 0.292917 0.001250 0.000833
0 0.727812 0.317500 0.044375 0.051667
0 0.647188 0.292083 0.000625 0.000833
0 0.634687 0.292083 0.000625 0.002500
0 0.336562 0.290833 0.003125 0.001667
0 0.655312 0.290000 0.000625 0.001667
0 0.036250 0.295000 0.003750 0.011667
0 0.196563 0.291250 0.004375 0.007500
0 0.392813 0.292500 0.029375 0.011667
0 0.639375 0.289583 0.007500 0.009167
0 0.344687 0.288750 0.006875 0.007500
0 0.647813 0.283333 0.006875 0.008333
0 0.580000 0.285000 0.008750 0.011667
0 0.895312 0.276250 0.000625 0.000833
0 0.979688 0.279583 0.006875 0.010833
0 0.597812 0.285000 0.009375 0.021667
0 0.928438 0.270000 0.000625 0.003333
0 0.868750 0.270417 0.007500 0.009167
0 0.372500 0.269583 0.010000 0.014167
0 0.500938 0.261250 0.000625 0.002500
0 0.308437 0.264583 0.008125 0.010833
0 0.089063 0.257917 0.000625 0.000833
0 0.632500 0.263750 0.015000 0.014167
0 0.806250 0.258333 0.007500 0.010000
0 0.748125 0.265000 0.007500 0.023333
0 0.090625 0.254583 0.001250 0.002500
0 0.728437 0.261250 0.010625 0.017500
0 0.329688 0.257083 0.010625 0.019167
0 0.696562 0.253750 0.010625 0.014167
0 0.093438 0.247917 0.000625 0.002500
0 0.781250 0.247917 0.010000 0.004167
0 0.195312 0.246250 0.000625 0.000833
0 0.186875 0.247083 0.002500 0.002500
0 0.920312 0.245417 0.000625 0.000833
0 0.778750 0.244583 0.001250 0.000833
0 0.651563 0.252083 0.015625 0.017500
0 0.922188 0.243333 0.000625 0.001667
0 0.674063 0.242083 0.000625 0.000833
0 0.622812 0.245833 0.008125 0.008333
0 0.925000 0.242083 0.002500 0.004167
0 0.868125 0.250417 0.013750 0.020833
0 0.392813 0.251667 0.009375 0.023333
0 0.200000 0.239583 0.001250 0.000833
0 0.052500 0.240833 0.005000 0.005000
0 0.781250 0.237917 0.001250 0.000833
0 0.560937 0.240833 0.006875 0.006667
0 0.668438 0.241250 0.008125 0.010833
0 0.770938 0.233750 0.000625 0.000833
0 0.105625 0.232500 0.001250 0.001667
0 0.785000 0.235417 0.005000 0.009167
0 0.489687 0.228333 0.000625 0.001667
0 0.781875 0.227083 0.003750 0.004167
0 0.344062 0.229167 0.008125 0.010000
0 0.781563 0.222917 0.000625 0.000833
0 0.779062 0.222917 0.000625 0.000833
0 0.776250 0.232083 0.008750 0.020833
0 0.955937 0.218333 0.000625 0.001667
0 0.573750 0.223750 0.013750 0.012500
0 0.581562 0.217500 0.000625 0.001667
0 0.144687 0.222083 0.010625 0.010833
0 0.800000 0.217083 0.008750 0.005833
0 0.583438 0.214167 0.000625 0.001667
0 0.808750 0.211667 0.001250 0.001667
0 0.809688 0.209583 0.000625 0.000833
0 0.958438 0.206667 0.010625 0.016667
0 0.387500 0.206250 0.012500 0.015833
0 0.167813 0.199167 0.000625 0.001667
0 0.160938 0.199167 0.000625 0.001667
0 0.342500 0.205833 0.010000 0.016667
0 0.572500 0.202917 0.010000 0.014167
0 0.255000 0.205417 0.008750 0.019167
0 0.849688 0.193333 0.000625 0.001667
0 0.974063 0.190833 0.001875 0.001667
0 0.168437 0.193333 0.003125 0.008333
0 0.199375 0.187917 0.001250 0.002500
0 0.205000 0.188333 0.007500 0.005000
0 0.200313 0.186250 0.000625 0.000833
0 0.398125 0.190000 0.010000 0.011667
0 0.853750 0.188333 0.008750 0.011667
0 0.675625 0.184583 0.002500 0.004167
0 0.698750 0.190417 0.007500 0.017500
0 0.890938 0.185833 0.005625 0.010000
0 0.207500 0.181667 0.001250 0.001667
0 0.560625 0.180417 0.001250 0.000833
0 0.201250 0.182500 0.005000 0.005000
0 0.201563 0.180417 0.000625 0.000833
0 0.367188 0.179583 0.000625 0.000833
0 0.988125 0.183750 0.013750 0.010833
0 0.210938 0.181667 0.003125 0.008333
0 0.407500 0.177083 0.005000 0.007500
0 0.093750 0.176667 0.007500 0.008333
0 0.365000 0.170833 0.001250 0.001667
0 0.370312 0.170833 0.004375 0.005000
0 0.406250 0.162083 0.002500 0.004167
0 0.047500 0.165000 0.012500 0.018333
0 0.895625 0.149583 0.001250 0.000833
0 0.894062 0.147083 0.000625 0.000833
0 0.971562 0.155000 0.014375 0.021667
0 0.669375 0.151250 0.012500 0.014167
0 0.672188 0.144167 0.003125 0.001667
0 0.896875 0.145417 0.005000 0.005833
0 0.762813 0.147917 0.008125 0.012500
0 0.538750 0.150833 0.012500 0.018333
0 0.160000 0.131250 0.006250 0.017500
0 0.563750 0.125833 0.012500 0.016667
0 0.536250 0.121250 0.012500 0.015833
0 0.381563 0.116667 0.006875 0.008333
0 0.964375 0.119583 0.010000 0.024167
0 0.758437 0.110000 0.006875 0.008333
0 0.449375 0.105000 0.001250 0.001667
0 0.717500 0.108333 0.010000 0.010000
0 0.442812 0.103750 0.000625 0.000833
0 0.713750 0.101250 0.002500 0.002500
0 0.901563 0.100833 0.001875 0.003333
0 0.719375 0.099583 0.002500 0.000833
0 0.717500 0.097500 0.003750 0.001667
0 0.714688 0.097083 0.000625 0.000833
0 0.585000 0.106667 0.011250 0.025000
0 0.403750 0.093750 0.001250 0.000833
0 0.939375 0.095417 0.007500 0.007500
0 0.273438 0.096250 0.010625 0.014167
0 0.441250 0.086667 0.001250 0.001667
0 0.404062 0.087500 0.001875 0.003333
0 0.442812 0.085417 0.000625 0.000833
0 0.097500 0.089583 0.012500 0.009167
0 0.447813 0.090000 0.009375 0.020000
0 0.479063 0.080833 0.001875 0.003333
0 0.245312 0.079167 0.000625 0.001667
0 0.233750 0.078750 0.001250 0.000833
0 0.386250 0.075417 0.003750 0.004167
0 0.680625 0.077500 0.006250 0.010000
0 0.890938 0.074583 0.008125 0.005833
0 0.001563 0.072083 0.000625 0.000833
0 0.887813 0.068750 0.000625 0.000833
0 0.891250 0.067917 0.003750 0.002500
0 0.827812 0.065417 0.000625 0.000833
0 0.234063 0.071250 0.013125 0.012500
0 0.889687 0.065000 0.000625 0.001667
0 0.242188 0.065417 0.000625 0.002500
0 0.758750 0.072917 0.012500 0.019167
0 0.314688 0.064167 0.000625 0.001667
0 0.001250 0.068333 0.002500 0.013333
0 0.000313 0.062500 0.000625 0.003333
0 0.483125 0.059583 0.001250 0.000833
0 0.744062 0.060000 0.001875 0.005000
0 0.320937 0.061667 0.003125 0.008333
0 0.242812 0.060000 0.005625 0.006667
0 0.312500 0.057917 0.005000 0.009167
0 0.954063 0.052917 0.004375 0.004167
0 0.275625 0.047917 0.001250 0.000833
0 0.868437 0.054167 0.011875 0.015000
0 0.274687 0.045000 0.001875 0.001667
0 0.213750 0.045417 0.005000 0.005833
0 0.566562 0.048333 0.008125 0.013333
0 0.736875 0.040833 0.001250 0.001667
0 0.735625 0.039167 0.001250 0.001667
0 0.029063 0.040000 0.006875 0.006667
0 0.973125 0.045000 0.008750 0.020000
0 0.930312 0.040000 0.009375 0.013333
0 0.426563 0.040000 0.008125 0.016667
0 0.610625 0.032500 0.002500 0.005000
0 0.468750 0.033333 0.006250 0.006667
0 0.821875 0.031250 0.003750 0.005833
0 0.602812 0.031250 0.008125 0.009167
0 0.456875 0.033750 0.012500 0.014167
0 0.858437 0.026667 0.003125 0.003333
0 0.680000 0.032917 0.010000 0.015833
0 0.821250 0.022500 0.003750 0.008333
0 0.649062 0.022917 0.008125 0.009167
0 0.395313 0.016250 0.003125 0.002500
0 0.814063 0.019167 0.004375 0.011667
0 0.811562 0.013750 0.000625 0.000833
0 0.866875 0.010417 0.001250 0.002500
0 0.436563 0.010417 0.005625 0.005833
0 0.661875 0.006250 0.001250 0.002500
0 0.659687 0.005417 0.000625 0.000833
0 0.601875 0.009167 0.006250 0.008333
0 0.663750 0.004167 0.001250 0.003333
0 0.945625 0.015833 0.048750 0.031667
0 0.842812 0.000417 0.003125 0.000833
0 0.664062 0.000417 0.000625 0.000833