0 0.462813 0.999583 0.000625 0.000833
0 0.890938 0.997917 0.000625 0.000833
0 0.820625 0.998750 0.003750 0.002500
0 0.532500 0.996667 0.011250 0.006667
0 0.996563 0.994583 0.006875 0.010833
0 0.675937 0.994583 0.006875 0.010833
0 0.909062 0.994167 0.013125 0.011667
0 0.884687 0.994167 0.009375 0.011667
0 0.512188 0.992500 0.006875 0.015000
0 0.758750 0.984583 0.001250 0.000833
0 0.373125 0.990000 0.012500 0.013333
0 0.774687 0.982083 0.000625 0.000833
0 0.379063 0.983333 0.003125 0.003333
0 0.975000 0.983750 0.003750 0.005833
0 0.503750 0.983333 0.007500 0.006667
0 0.766563 0.984583 0.010625 0.010833
0 0.559063 0.980417 0.001875 0.002500
0 0.778125 0.975417 0.001250 0.000833
0 0.609688 0.976250 0.003125 0.004167
0 0.563125 0.974583 0.001250 0.002500
0 0.692187 0.972083 0.003125 0.002500
0 0.690625 0.968750 0.001250 0.000833
0 0.550312 0.969167 0.006875 0.005000
0 0.988750 0.975000 0.011250 0.020000
0 0.602812 0.970000 0.010625 0.011667
0 0.694688 0.965833 0.003125 0.005000
0 0.438437 0.960833 0.000625 0.001667
0 0.522813 0.965417 0.009375 0.012500
0 0.508750 0.964167 0.007500 0.011667
0 0.500313 0.958333 0.004375 0.008333
0 0.971250 0.953333 0.001250 0.001667
0 0.965938 0.952083 0.000625 0.000833
0 0.686875 0.960417 0.015000 0.017500
0 0.430000 0.953750 0.002500 0.004167
0 0.964375 0.951250 0.001250 0.000833
0 0.919687 0.955417 0.011875 0.014167
0 0.430000 0.947917 0.001250 0.002500
0 0.860625 0.950833 0.013750 0.011667
0 0.001250 0.951250 0.002500 0.012500
0 0.426563 0.945000 0.000625 0.001667
0 0.971250 0.944583 0.002500 0.002500
0 0.730625 0.949167 0.006250 0.015000
0 0.385313 0.957500 0.011875 0.031667
0 0.427812 0.941667 0.000625 0.001667
0 0.959063 0.946250 0.023125 0.012500
0 0.426563 0.940000 0.000625 0.001667
0 0.833125 0.948750 0.012500 0.022500
0 0.578438 0.937917 0.000625 0.000833
0 0.654687 0.945417 0.019375 0.019167
0 0.431875 0.938333 0.007500 0.005000
0 0.426563 0.935417 0.000625 0.000833
0 0.728750 0.937917 0.010000 0.009167
0 0.699688 0.933750 0.000625 0.000833
0 0.246250 0.933750 0.002500 0.004167
0 0.729062 0.931250 0.000625 0.000833
0 0.249688 0.931250 0.000625 0.000833
0 0.428438 0.931250 0.000625 0.002500
0 0.252812 0.930417 0.000625 0.000833
0 0.250937 0.930417 0.000625 0.002500
0 0.612500 0.933750 0.013750 0.010833
0 0.430312 0.929583 0.000625 0.002500
0 0.936562 0.927083 0.000625 0.000833
0 0.426875 0.928333 0.001250 0.003333
0 0.725000 0.926667 0.002500 0.003333
0 0.240000 0.925833 0.001250 0.001667
0 0.565937 0.932917 0.015625 0.019167
0 0.429375 0.923333 0.002500 0.005000
0 0.943750 0.925417 0.013750 0.017500
0 0.155625 0.923750 0.007500 0.015833
0 0.929375 0.918750 0.002500 0.007500
0 0.898125 0.925833 0.012500 0.021667
0 0.683750 0.925833 0.017500 0.023333
0 0.431250 0.915000 0.001250 0.003333
0 0.078125 0.922917 0.011250 0.020833
0 0.691562 0.912917 0.001875 0.002500
0 0.986875 0.915417 0.013750 0.015833
0 0.267188 0.915417 0.014375 0.015833
0 0.909687 0.915417 0.011875 0.017500
0 0.682187 0.910833 0.014375 0.010000
0 0.352187 0.914167 0.013125 0.018333
0 0.359687 0.902917 0.000625 0.000833
0 0.894375 0.897083 0.007500 0.012500
0 0.390313 0.897500 0.011875 0.021667
0 0.617812 0.894583 0.015625 0.020833
0 0.438125 0.899167 0.007500 0.030000
0 0.386562 0.883333 0.000625 0.001667
0 0.335938 0.882083 0.001875 0.000833
0 0.231875 0.887083 0.012500 0.017500
0 0.093750 0.887083 0.011250 0.022500
0 0.949063 0.883333 0.023125 0.016667
0 0.931250 0.877917 0.003750 0.005833
0 0.584375 0.882500 0.013750 0.016667
0 0.932187 0.874583 0.000625 0.002500
0 0.013750 0.880833 0.011250 0.015000
0 0.862812 0.872083 0.000625 0.000833
0 0.801562 0.871667 0.000625 0.001667
0 0.148438 0.872917 0.004375 0.004167
0 0.721250 0.881250 0.026250 0.022500
0 0.091250 0.871667 0.002500 0.003333
0 0.975938 0.872917 0.006875 0.007500
0 0.090938 0.868750 0.000625 0.000833
0 0.860000 0.870000 0.003750 0.005000
0 0.869062 0.867917 0.001875 0.002500
0 0.967812 0.865417 0.003125 0.002500
0 0.923438 0.867500 0.005625 0.008333
0 0.134687 0.863750 0.000625 0.000833
0 0.209063 0.863333 0.004375 0.005000
0 0.862500 0.862500 0.005000 0.005000
0 0.811250 0.865833 0.006250 0.011667
0 0.793750 0.862083 0.002500 0.005833
0 0.932813 0.865417 0.010625 0.015833
0 0.944063 0.854583 0.000625 0.000833
0 0.534062 0.855833 0.001875 0.003333
0 0.942500 0.853750 0.001250 0.000833
0 0.088438 0.852500 0.000625 0.001667
0 0.528125 0.851667 0.001250 0.001667
0 0.957812 0.845417 0.000625 0.000833
0 0.530937 0.847917 0.003125 0.005833
0 0.361875 0.846250 0.005000 0.005833
0 0.984375 0.845833 0.003750 0.006667
0 0.516250 0.845417 0.003750 0.005833
0 0.929375 0.841250 0.001250 0.000833
0 0.935625 0.848333 0.010000 0.016667
0 0.527500 0.840833 0.001250 0.001667
0 0.524375 0.840417 0.001250 0.000833
0 0.459062 0.840833 0.003125 0.003333
0 0.525937 0.837917 0.001875 0.002500
0 0.763437 0.846250 0.013125 0.020833
0 0.348750 0.844583 0.015000 0.017500
0 0.796562 0.833750 0.000625 0.000833
0 0.741250 0.836250 0.010000 0.005833
0 0.526563 0.834583 0.001875 0.002500
0 0.515938 0.837083 0.004375 0.007500
0 0.615938 0.839167 0.014375 0.015000
0 0.388437 0.840417 0.013125 0.017500
0 0.982812 0.833750 0.006875 0.005833
0 0.831875 0.842083 0.010000 0.022500
0 0.795000 0.833333 0.002500 0.005000
0 0.785312 0.829167 0.000625 0.001667
0 0.700000 0.831667 0.005000 0.006667
0 0.950000 0.837917 0.016250 0.022500
0 0.325625 0.825000 0.001250 0.001667
0 0.709063 0.825000 0.003125 0.003333
0 0.747500 0.827500 0.015000 0.011667
0 0.528438 0.825833 0.018125 0.013333
0 0.802813 0.826250 0.014375 0.015833
0 0.186875 0.829583 0.016250 0.022500
0 0.786875 0.823750 0.016250 0.012500
0 0.305937 0.824167 0.014375 0.020000
0 0.969688 0.812917 0.000625 0.000833
0 0.941562 0.810000 0.001875 0.001667
0 0.935000 0.812083 0.005000 0.005833
0 0.000625 0.807500 0.001250 0.005000
0 0.976875 0.816667 0.013750 0.030000
0 0.678438 0.808333 0.011875 0.013333
0 0.228750 0.801667 0.001250 0.001667
0 0.219062 0.799583 0.000625 0.000833
0 0.975625 0.798750 0.001250 0.000833
0 0.221250 0.799167 0.001250 0.001667
0 0.963125 0.797083 0.001250 0.002500
0 0.882500 0.800417 0.010000 0.012500
0 0.297187 0.799583 0.008125 0.010833
0 0.294375 0.797083 0.005000 0.007500
0 0.856250 0.803750 0.013750 0.022500
0 0.214688 0.800833 0.025625 0.016667
0 0.834688 0.791250 0.000625 0.000833
0 0.786563 0.793750 0.006875 0.009167
0 0.657813 0.799167 0.013125 0.020000
0 0.832812 0.789167 0.000625 0.001667
0 0.998125 0.796250 0.003750 0.017500
0 0.992188 0.787083 0.001875 0.000833
0 0.995313 0.786250 0.000625 0.000833
0 0.548750 0.792917 0.012500 0.014167
0 0.967812 0.789583 0.013125 0.010833
0 0.830000 0.780000 0.002500 0.003333
0 0.580313 0.777917 0.001875 0.002500
0 0.857500 0.775000 0.001250 0.003333
0 0.603125 0.775417 0.005000 0.004167
0 0.586250 0.775000 0.002500 0.003333
0 0.591562 0.771667 0.003125 0.001667
0 0.560312 0.774167 0.006875 0.006667
0 0.330000 0.773333 0.006250 0.005000
0 0.213438 0.773333 0.010625 0.008333
0 0.492812 0.772917 0.006875 0.010833
0 0.581562 0.770000 0.005625 0.006667
0 0.901250 0.776667 0.016250 0.025000
0 0.847500 0.762500 0.003750 0.003333
0 0.292812 0.767917 0.014375 0.017500
0 0.512813 0.757083 0.000625 0.000833
0 0.143750 0.760417 0.006250 0.007500
0 0.146875 0.752917 0.001250 0.000833
0 0.862500 0.764167 0.017500 0.025000
0 0.956562 0.751250 0.001875 0.002500
0 0.149375 0.750000 0.001250 0.001667
0 0.920000 0.748750 0.001250 0.002500
0 0.012812 0.756667 0.015625 0.018333
0 0.919687 0.744167 0.003125 0.006667
0 0.889062 0.741667 0.000625 0.001667
0 0.604688 0.744167 0.001875 0.006667
0 0.219062 0.746250 0.006875 0.010833
0 0.844375 0.750417 0.010000 0.020833
0 0.520000 0.752083 0.017500 0.024167
0 0.963125 0.745000 0.017500 0.013333
0 0.449062 0.738750 0.000625 0.000833
0 0.915625 0.739583 0.005000 0.004167
0 0.207813 0.737917 0.000625 0.000833
0 0.249688 0.737083 0.000625 0.000833
0 0.908438 0.742500 0.018125 0.016667
0 0.795000 0.743333 0.015000 0.020000
0 0.679063 0.734583 0.003125 0.002500
0 0.246562 0.734167 0.004375 0.005000
0 0.444063 0.743333 0.009375 0.026667
0 0.154062 0.736667 0.016875 0.013333
0 0.982812 0.734583 0.008125 0.012500
0 0.885625 0.736250 0.007500 0.015833
0 0.755000 0.737083 0.011250 0.017500
0 0.695312 0.729167 0.000625 0.001667
0 0.694063 0.728750 0.000625 0.000833
0 0.469062 0.737917 0.010625 0.019167
0 0.045312 0.735000 0.011875 0.013333
0 0.690625 0.730417 0.006250 0.005833
0 0.552500 0.735833 0.015000 0.018333
0 0.779687 0.725417 0.000625 0.000833
0 0.772813 0.730000 0.005625 0.010000
0 0.785000 0.727083 0.005000 0.007500
0 0.678750 0.722500 0.001250 0.001667
0 0.432812 0.732917 0.019375 0.022500
0 0.330313 0.722500 0.004375 0.005000
0 0.947187 0.719583 0.000625 0.000833
0 0.203750 0.730417 0.013750 0.022500
0 0.049375 0.720000 0.001250 0.001667
0 0.682187 0.721250 0.004375 0.005833
0 0.931562 0.716250 0.000625 0.000833
0 0.736563 0.721250 0.008125 0.010833
0 0.637188 0.726250 0.016875 0.020833
0 0.924687 0.720000 0.010625 0.010000
0 0.217812 0.715417 0.004375 0.004167
0 0.837187 0.718750 0.014375 0.015833
0 0.075313 0.708750 0.000625 0.000833
0 0.874375 0.714167 0.012500 0.016667
0 0.962187 0.705417 0.000625 0.000833
0 0.218125 0.705833 0.001250 0.001667
0 0.329062 0.714583 0.018125 0.020833
0 0.295625 0.705000 0.001250 0.001667
0 0.090625 0.716667 0.016250 0.026667
0 0.923438 0.706667 0.011875 0.008333
0 0.497812 0.709583 0.009375 0.015833
0 0.976562 0.700417 0.000625 0.000833
0 0.980313 0.699583 0.000625 0.000833
0 0.980313 0.697917 0.000625 0.000833
0 0.100625 0.699583 0.002500 0.004167
0 0.209687 0.697083 0.000625 0.000833
0 0.203437 0.705417 0.015625 0.019167
0 0.998125 0.695000 0.003750 0.001667
0 0.409375 0.701667 0.015000 0.015000
0 0.980313 0.692917 0.000625 0.000833
0 0.659687 0.693750 0.008125 0.005833
0 0.240313 0.692083 0.001875 0.002500
0 0.022812 0.691667 0.005625 0.003333
0 0.980000 0.689167 0.001250 0.001667
0 0.782813 0.688750 0.000625 0.000833
0 0.966875 0.697083 0.017500 0.019167
0 0.657188 0.686250 0.001875 0.000833
0 0.785625 0.689583 0.006250 0.009167
0 0.964375 0.685000 0.005000 0.003333
0 0.110000 0.685000 0.003750 0.005000
0 0.976875 0.684583 0.003750 0.005833
0 0.746875 0.685000 0.006250 0.006667
0 0.959688 0.680833 0.000625 0.001667
0 0.770312 0.680417 0.000625 0.000833
0 0.230625 0.680833 0.001250 0.001667
0 0.969688 0.679583 0.000625 0.000833
0 0.772188 0.677500 0.000625 0.001667
0 0.770312 0.677083 0.000625 0.000833
0 0.871563 0.685417 0.013125 0.022500
0 0.575937 0.686250 0.015625 0.025833
0 0.230937 0.675833 0.003125 0.005000
0 0.955000 0.673333 0.002500 0.003333
0 0.951875 0.672500 0.002500 0.003333
0 0.862812 0.672500 0.001875 0.003333
0 0.895938 0.678333 0.008125 0.016667
0 0.530000 0.675417 0.011250 0.010833
0 0.177187 0.677083 0.010625 0.014167
0 0.860938 0.667917 0.000625 0.000833
0 0.331562 0.662917 0.000625 0.000833
0 0.856250 0.662917 0.003750 0.002500
0 0.329062 0.669583 0.011875 0.015833
0 0.993437 0.661250 0.001875 0.002500
0 0.990938 0.661250 0.000625 0.002500
0 0.092188 0.660000 0.000625 0.001667
0 0.838750 0.658750 0.001250 0.002500
0 0.090313 0.657917 0.000625 0.000833
0 0.089063 0.665417 0.010625 0.019167
0 0.735625 0.662083 0.011250 0.014167
0 0.828750 0.655000 0.001250 0.001667
0 0.089375 0.655000 0.001250 0.001667
0 0.983437 0.662083 0.005625 0.017500
0 0.830625 0.653750 0.001250 0.000833
0 0.088125 0.653750 0.002500 0.002500
0 0.085312 0.653750 0.000625 0.002500
0 0.826250 0.653333 0.002500 0.003333
0 0.965625 0.655833 0.018750 0.011667
0 0.000313 0.651250 0.000625 0.002500
0 0.834375 0.651250 0.007500 0.004167
0 0.089375 0.649583 0.001250 0.000833
0 0.823438 0.649167 0.000625 0.001667
0 0.882812 0.650417 0.009375 0.010833
0 0.680312 0.651250 0.013125 0.012500
0 0.782188 0.644167 0.003125 0.003333
0 0.479375 0.646667 0.008750 0.011667
0 0.955937 0.644583 0.009375 0.009167
0 0.927813 0.640000 0.003125 0.003333
0 0.830937 0.638750 0.001875 0.000833
0 0.931250 0.638750 0.003750 0.002500
0 0.839688 0.638750 0.001875 0.002500
0 0.259688 0.637917 0.000625 0.000833
0 0.996250 0.640000 0.007500 0.008333
0 0.773750 0.643333 0.020000 0.018333
0 0.747188 0.645000 0.013125 0.023333
0 0.467500 0.630417 0.003750 0.005833
0 0.996563 0.627083 0.000625 0.000833
0 0.873437 0.632083 0.008125 0.012500
0 0.533125 0.632500 0.020000 0.016667
0 0.994687 0.624583 0.000625 0.002500
0 0.986875 0.630000 0.008750 0.015000
0 0.885625 0.622917 0.001250 0.002500
0 0.504375 0.630833 0.017500 0.018333
0 0.249688 0.621250 0.004375 0.002500
0 0.310000 0.625417 0.012500 0.012500
0 0.880313 0.620417 0.004375 0.005833
0 0.861563 0.621667 0.014375 0.020000
0 0.938750 0.613750 0.002500 0.005833
0 0.986875 0.611667 0.005000 0.003333
0 0.632500 0.610000 0.002500 0.001667
0 0.991250 0.608333 0.002500 0.001667
0 0.719688 0.622083 0.019375 0.032500
0 0.755625 0.606667 0.002500 0.003333
0 0.936250 0.612083 0.022500 0.015833
0 0.997812 0.603750 0.000625 0.000833
0 0.999375 0.602917 0.001250 0.000833
0 0.994687 0.602917 0.000625 0.000833
0 0.837812 0.607500 0.010625 0.011667
0 0.600938 0.609167 0.014375 0.015000
0 0.498125 0.601667 0.002500 0.001667
0 0.981875 0.603333 0.003750 0.006667
0 0.760625 0.601250 0.001250 0.002500
0 0.266875 0.607500 0.011250 0.015000
0 0.170313 0.604583 0.004375 0.009167
0 0.960000 0.606667 0.008750 0.015000
0 0.625938 0.605000 0.011875 0.011667
0 0.542813 0.604583 0.008125 0.012500
0 0.748437 0.600000 0.004375 0.006667
0 0.985313 0.596250 0.000625 0.000833
0 0.960625 0.597083 0.001250 0.002500
0 0.983750 0.595417 0.001250 0.000833
0 0.980938 0.597083 0.001875 0.004167
0 0.764062 0.598333 0.004375 0.006667
0 0.355625 0.602917 0.011250 0.015833
0 0.998750 0.595833 0.002500 0.003333
0 0.998437 0.593750 0.000625 0.000833
0 0.982187 0.592917 0.000625 0.000833
0 0.687187 0.597500 0.011875 0.011667
0 0.511250 0.597083 0.020000 0.012500
0 0.663125 0.596250 0.010000 0.012500
0 0.758437 0.595000 0.009375 0.011667
0 0.562187 0.600417 0.014375 0.024167
0 0.990313 0.593333 0.013125 0.013333
0 0.951562 0.592500 0.010625 0.015000
0 0.744687 0.584583 0.000625 0.000833
0 0.958125 0.582917 0.001250 0.000833
0 0.474375 0.584167 0.003750 0.005000
0 0.929688 0.581250 0.000625 0.000833
0 0.927188 0.582500 0.001875 0.003333
0 0.933438 0.582500 0.004375 0.006667
0 0.001875 0.582500 0.003750 0.006667
0 0.858125 0.579167 0.002500 0.001667
0 0.468125 0.580000 0.005000 0.005000
0 0.767188 0.581667 0.008125 0.010000
0 0.069375 0.582500 0.025000 0.011667
0 0.975625 0.576250 0.001250 0.000833
0 0.976875 0.575417 0.002500 0.004167
0 0.185625 0.575000 0.010000 0.008333
0 0.726250 0.576250 0.013750 0.017500
0 0.402187 0.575417 0.015625 0.015833
0 0.967500 0.573750 0.013750 0.019167
0 0.756563 0.561250 0.000625 0.000833
0 0.457188 0.566250 0.009375 0.010833
0 0.697187 0.570000 0.019375 0.020000
0 0.695000 0.559583 0.002500 0.000833
0 0.794375 0.572917 0.038750 0.034167
0 0.450625 0.557500 0.006250 0.005000
0 0.189375 0.556250 0.002500 0.002500
0 0.068125 0.556250 0.003750 0.002500
0 0.066250 0.553333 0.002500 0.001667
0 0.992500 0.557917 0.008750 0.012500
0 0.513750 0.552917 0.001250 0.002500
0 0.099687 0.552083 0.000625 0.000833
0 0.456250 0.554167 0.005000 0.006667
0 0.948125 0.557500 0.013750 0.016667
0 0.908125 0.548750 0.001250 0.000833
0 0.681250 0.550833 0.003750 0.006667
0 0.520625 0.547917 0.001250 0.000833
0 0.261875 0.560417 0.018750 0.025833
0 0.920937 0.557500 0.016875 0.021667
0 0.102813 0.547500 0.000625 0.001667
0 0.929063 0.546250 0.000625 0.000833
0 0.892188 0.548750 0.004375 0.007500
0 0.444063 0.545417 0.000625 0.000833
0 0.015938 0.553333 0.011875 0.016667
0 0.513437 0.546250 0.006875 0.004167
0 0.449062 0.545000 0.001875 0.001667
0 0.445625 0.544583 0.001250 0.000833
0 0.104688 0.545417 0.001875 0.002500
0 0.962812 0.542083 0.000625 0.000833
0 0.749062 0.562083 0.011875 0.040833
0 0.885625 0.544167 0.005000 0.006667
0 0.472813 0.542917 0.006875 0.007500
0 0.924063 0.537500 0.000625 0.001667
0 0.922813 0.537083 0.000625 0.000833
0 0.715313 0.537083 0.000625 0.000833
0 0.538438 0.537500 0.001875 0.001667
0 0.959375 0.535417 0.001250 0.000833
0 0.919063 0.536667 0.008125 0.008333
0 0.928750 0.532083 0.001250 0.000833
0 0.706562 0.535833 0.003125 0.008333
0 0.505625 0.532083 0.002500 0.002500
0 0.530000 0.532083 0.005000 0.005833
0 0.829063 0.530417 0.004375 0.005833
0 0.536250 0.529583 0.003750 0.005833
0 0.089375 0.529167 0.002500 0.005000
0 0.031563 0.528333 0.003125 0.003333
0 0.716562 0.526667 0.001875 0.001667
0 0.737812 0.522917 0.000625 0.000833
0 0.652500 0.533333 0.017500 0.023333
0 0.497500 0.524167 0.005000 0.005000
0 0.035000 0.523750 0.001250 0.004167
0 0.657188 0.521667 0.000625 0.001667
0 0.388437 0.528750 0.013125 0.015833
0 0.501250 0.520833 0.001250 0.001667
0 0.512813 0.532917 0.020625 0.029167
0 0.660000 0.520000 0.003750 0.005000
0 0.134687 0.522083 0.015625 0.012500
0 0.712812 0.522917 0.010625 0.015833
0 0.745625 0.522500 0.011250 0.016667
0 0.906875 0.518750 0.017500 0.012500
0 0.730938 0.513333 0.001875 0.001667
0 0.637188 0.515000 0.008125 0.013333
0 0.871875 0.508333 0.003750 0.003333
0 0.700313 0.507083 0.000625 0.000833
0 0.659687 0.506250 0.000625 0.000833
0 0.493437 0.509167 0.010625 0.008333
0 0.903125 0.511667 0.016250 0.015000
0 0.694375 0.513750 0.011250 0.019167
0 0.955937 0.512500 0.013125 0.018333
0 0.731563 0.506250 0.005625 0.005833
0 0.045937 0.511667 0.010625 0.016667
0 0.721250 0.503750 0.001250 0.002500
0 0.018750 0.505417 0.003750 0.005833
0 0.734688 0.502083 0.000625 0.000833
0 0.723750 0.502500 0.001250 0.001667
0 0.724688 0.500417 0.000625 0.000833
0 0.586562 0.501667 0.001875 0.003333
0 0.634062 0.501250 0.001875 0.004167
0 0.597500 0.507500 0.012500 0.016667
0 0.013125 0.501250 0.007500 0.009167
0 0.016563 0.492917 0.000625 0.000833
0 0.967187 0.492083 0.000625 0.000833
0 0.969063 0.490833 0.001875 0.001667
0 0.450625 0.490833 0.001250 0.001667
0 0.184062 0.491250 0.000625 0.002500
0 0.973437 0.489583 0.000625 0.000833
0 0.519062 0.488750 0.000625 0.000833
0 0.743750 0.491250 0.010000 0.010833
0 0.418438 0.495000 0.011875 0.020000
0 0.416563 0.485417 0.000625 0.000833
0 0.733437 0.484583 0.000625 0.000833
0 0.953438 0.483750 0.000625 0.000833
0 0.734062 0.482917 0.000625 0.000833
0 0.737187 0.481250 0.000625 0.000833
0 0.735313 0.481667 0.001875 0.001667
0 0.448125 0.481667 0.001250 0.001667
0 0.000937 0.484583 0.001875 0.007500
0 0.961562 0.482083 0.010625 0.004167
0 0.783750 0.490417 0.016250 0.020833
0 0.644062 0.484583 0.011875 0.010833
0 0.821250 0.478750 0.001250 0.000833
0 0.959688 0.478750 0.003125 0.002500
0 0.452500 0.480000 0.003750 0.005000
0 0.180625 0.480000 0.002500 0.005000
0 0.730938 0.476250 0.000625 0.000833
0 0.533438 0.476667 0.000625 0.001667
0 0.457813 0.475417 0.000625 0.000833
0 0.179375 0.476250 0.001250 0.002500
0 0.547500 0.481667 0.017500 0.015000
0 0.820000 0.475417 0.002500 0.004167
0 0.075938 0.480417 0.006875 0.014167
0 0.020000 0.475833 0.003750 0.005000
0 0.963437 0.472083 0.000625 0.000833
0 0.772500 0.478333 0.010000 0.013333
0 0.925625 0.471667 0.001250 0.001667
0 0.924063 0.471250 0.000625 0.000833
0 0.726250 0.473333 0.005000 0.006667
0 0.952812 0.475000 0.013125 0.013333
0 0.904687 0.467917 0.000625 0.000833
0 0.712187 0.465417 0.000625 0.000833
0 0.999062 0.465417 0.001875 0.002500
0 0.895625 0.472500 0.020000 0.016667
0 0.928125 0.465417 0.005000 0.004167
0 0.856875 0.465000 0.002500 0.005000
0 0.408750 0.473750 0.018750 0.022500
0 0.994687 0.471667 0.010625 0.020000
0 0.943125 0.457500 0.001250 0.001667
0 0.005313 0.457083 0.001875 0.000833
0 0.447813 0.453750 0.000625 0.000833
0 0.211562 0.460000 0.011875 0.013333
0 0.013750 0.454167 0.002500 0.001667
0 0.435312 0.452083 0.000625 0.000833
0 0.939375 0.452917 0.007500 0.005833
0 0.438125 0.450417 0.001250 0.000833
0 0.010625 0.451250 0.001250 0.002500
0 0.951562 0.453333 0.006875 0.008333
0 0.007812 0.451250 0.001875 0.004167
0 0.594688 0.449167 0.001875 0.001667
0 0.011562 0.448750 0.000625 0.000833
0 0.965313 0.452917 0.010625 0.010833
0 0.936562 0.449583 0.003125 0.004167
0 0.546875 0.454167 0.016250 0.013333
0 0.439375 0.447917 0.001250 0.000833
0 0.935312 0.447083 0.000625 0.000833
0 0.877188 0.449583 0.001875 0.005833
0 0.447813 0.448750 0.001875 0.004167
0 0.505938 0.449167 0.003125 0.006667
0 0.029687 0.453750 0.015625 0.015833
0 0.901875 0.447500 0.003750 0.005000
0 0.445312 0.445417 0.000625 0.000833
0 0.946562 0.445000 0.000625 0.001667
0 0.937813 0.445000 0.000625 0.001667
0 0.388437 0.452917 0.013125 0.017500
0 0.236875 0.447083 0.007500 0.005833
0 0.744687 0.451250 0.009375 0.015833
0 0.710313 0.453333 0.009375 0.020000
0 0.022812 0.442917 0.000625 0.000833
0 0.351562 0.450417 0.015625 0.017500
0 0.739688 0.442083 0.001875 0.002500
0 0.013125 0.446250 0.008750 0.012500
0 0.935937 0.440000 0.000625 0.001667
0 0.881875 0.441667 0.006250 0.006667
0 0.076563 0.438333 0.000625 0.001667
0 0.980313 0.444583 0.010625 0.017500
0 0.944688 0.436250 0.000625 0.000833
0 0.950313 0.440417 0.008125 0.010833
0 0.900000 0.439583 0.005000 0.009167
0 0.854688 0.435417 0.000625 0.000833
0 0.445000 0.439583 0.002500 0.009167
0 0.100937 0.440417 0.006875 0.010833
0 0.940625 0.438750 0.007500 0.010833
0 0.705625 0.437083 0.003750 0.007500
0 0.076563 0.433750 0.000625 0.000833
0 0.998125 0.436667 0.003750 0.008333
0 0.860938 0.437083 0.010625 0.009167
0 0.909687 0.441667 0.010625 0.021667
0 0.905625 0.431250 0.001250 0.000833
0 0.852812 0.432500 0.003125 0.003333
0 0.498750 0.438333 0.011250 0.015000
0 0.432500 0.432083 0.006250 0.004167
0 0.016250 0.430833 0.003750 0.005000
0 0.442188 0.430833 0.004375 0.006667
0 0.076563 0.428750 0.000625 0.002500
0 0.046250 0.427917 0.001250 0.000833
0 0.656250 0.428333 0.002500 0.005000
0 0.053437 0.426667 0.001875 0.001667
0 0.438437 0.425833 0.000625 0.001667
0 0.435000 0.421250 0.003750 0.002500
0 0.428750 0.422083 0.007500 0.007500
0 0.974063 0.418750 0.001875 0.002500
0 0.042188 0.422500 0.006875 0.011667
0 0.948438 0.417917 0.004375 0.004167
0 0.432500 0.415417 0.001250 0.002500
0 0.979688 0.413333 0.000625 0.001667
0 0.874375 0.412917 0.001250 0.000833
0 0.080625 0.414167 0.001250 0.003333
0 0.050937 0.417500 0.008125 0.010000
0 0.834688 0.412500 0.000625 0.001667
0 0.888437 0.411667 0.001875 0.001667
0 0.835938 0.411667 0.000625 0.001667
0 0.002812 0.415417 0.005625 0.009167
0 0.985313 0.409583 0.000625 0.000833
0 0.666875 0.414167 0.006250 0.010000
0 0.081562 0.409167 0.000625 0.001667
0 0.306563 0.414167 0.011875 0.015000
0 0.905937 0.407917 0.003125 0.004167
0 0.900312 0.408750 0.004375 0.009167
0 0.669687 0.404583 0.000625 0.000833
0 0.396875 0.415833 0.011250 0.025000
0 0.082500 0.405417 0.002500 0.004167
0 0.890000 0.405000 0.007500 0.011667
0 0.852812 0.399583 0.000625 0.000833
0 0.026562 0.399583 0.000625 0.000833
0 0.867500 0.407500 0.017500 0.021667
0 0.771250 0.398750 0.002500 0.004167
0 0.390313 0.399167 0.003125 0.006667
0 0.246875 0.402917 0.013750 0.017500
0 0.827812 0.393750 0.000625 0.000833
0 0.615938 0.400000 0.011875 0.015000
0 0.029687 0.392917 0.000625 0.000833
0 0.780312 0.392083 0.000625 0.000833
0 0.195312 0.387917 0.000625 0.000833
0 0.000313 0.390833 0.000625 0.006667
0 0.825625 0.390000 0.003750 0.006667
0 0.819063 0.395000 0.014375 0.018333
0 0.943438 0.392083 0.011875 0.015833
0 0.463750 0.391667 0.007500 0.015000
0 0.739688 0.391250 0.009375 0.015833
0 0.192500 0.385417 0.005000 0.004167
0 0.122188 0.383750 0.001875 0.002500
0 0.385000 0.387083 0.007500 0.012500
0 0.413125 0.393333 0.016250 0.026667
0 0.359375 0.395417 0.015000 0.030833
0 0.072188 0.387500 0.009375 0.015000
0 0.072813 0.378750 0.000625 0.000833
0 0.971562 0.390417 0.011875 0.025833
0 0.805312 0.377917 0.000625 0.000833
0 0.804063 0.383750 0.010625 0.012500
0 0.047813 0.377917 0.000625 0.000833
0 0.799687 0.377500 0.000625 0.001667
0 0.961875 0.376667 0.001250 0.001667
0 0.195625 0.375833 0.001250 0.001667
0 0.913438 0.374583 0.000625 0.000833
0 0.864375 0.378333 0.015000 0.010000
0 0.049375 0.374167 0.002500 0.003333
0 0.046562 0.372917 0.001875 0.002500
0 0.043750 0.372500 0.001250 0.001667
0 0.200313 0.379167 0.008125 0.018333
0 0.044062 0.370417 0.000625 0.000833
0 0.042188 0.369583 0.001875 0.000833
0 0.722812 0.379167 0.014375 0.021667
0 0.040938 0.367500 0.004375 0.003333
0 0.838750 0.366667 0.002500 0.005000
0 0.790625 0.364583 0.001250 0.000833
0 0.146250 0.366667 0.006250 0.006667
0 0.155625 0.363333 0.001250 0.001667
0 0.140937 0.362917 0.000625 0.000833
0 0.047813 0.366667 0.008125 0.008333
0 0.796562 0.361667 0.001875 0.001667
0 0.008125 0.362500 0.006250 0.005000
0 0.835938 0.359583 0.000625 0.000833
0 0.743750 0.360000 0.001250 0.001667
0 0.064375 0.359583 0.001250 0.000833
0 0.933438 0.358750 0.000625 0.000833
0 0.065000 0.356667 0.001250 0.001667
0 0.829063 0.355833 0.001875 0.001667
0 0.637188 0.366250 0.009375 0.022500
0 0.929063 0.360000 0.010625 0.011667
0 0.003750 0.355000 0.002500 0.001667
0 0.995000 0.352917 0.001250 0.000833
0 0.989688 0.354167 0.001875 0.003333
0 0.861563 0.354167 0.004375 0.003333
0 0.667188 0.365417 0.013125 0.025833
0 0.156250 0.355417 0.001250 0.005833
0 0.010313 0.352917 0.000625 0.000833
0 0.996563 0.352500 0.000625 0.001667
0 0.929063 0.351667 0.000625 0.001667
0 0.007812 0.350417 0.000625 0.000833
0 0.999062 0.349583 0.001875 0.000833
0 0.827500 0.360000 0.017500 0.021667
0 0.878750 0.349167 0.001250 0.003333
0 0.862812 0.347917 0.000625 0.000833
0 0.987812 0.347083 0.001875 0.000833
0 0.985313 0.347083 0.000625 0.000833
0 0.868750 0.348750 0.003750 0.004167
0 0.864688 0.347083 0.000625 0.000833
0 0.870625 0.346250 0.001250 0.000833
0 0.651563 0.346667 0.001875 0.001667
0 0.036250 0.347500 0.001250 0.003333
0 0.975938 0.345000 0.001875 0.001667
0 0.138437 0.350000 0.009375 0.011667
0 0.041563 0.342917 0.000625 0.000833
0 0.505938 0.352917 0.013125 0.022500
0 0.352812 0.350000 0.013125 0.016667
0 0.840938 0.338750 0.000625 0.000833
0 0.650000 0.342083 0.007500 0.007500
0 0.321875 0.345000 0.011250 0.013333
0 0.997500 0.339583 0.005000 0.004167
0 0.893750 0.350417 0.017500 0.027500
0 0.939063 0.337500 0.001875 0.003333
0 0.840938 0.344583 0.009375 0.017500
0 0.649375 0.335417 0.001250 0.000833
0 0.989062 0.335417 0.000625 0.002500
0 0.975000 0.337917 0.005000 0.007500
0 0.465000 0.334583 0.001250 0.002500
0 0.991563 0.332083 0.000625 0.000833
0 0.462813 0.332917 0.001875 0.002500
0 0.052500 0.332083 0.001250 0.000833
0 0.980938 0.332083 0.001875 0.002500
0 0.753437 0.332083 0.003125 0.002500
0 0.645938 0.331250 0.000625 0.000833
0 0.089688 0.331250 0.000625 0.000833
0 0.604688 0.338750 0.019375 0.017500
0 0.841250 0.331667 0.006250 0.005000
0 0.526563 0.339167 0.011875 0.020000
0 0.463125 0.329167 0.001250 0.001667
0 0.738750 0.330833 0.005000 0.006667
0 0.459688 0.329583 0.003125 0.004167
0 0.799375 0.327917 0.001250 0.002500
0 0.880000 0.326667 0.001250 0.001667
0 0.647188 0.327500 0.001875 0.003333
0 0.877812 0.325000 0.000625 0.001667
0 0.465313 0.325000 0.000625 0.001667
0 0.460313 0.324583 0.000625 0.000833
0 0.464687 0.322917 0.000625 0.000833
0 0.085625 0.328750 0.006250 0.012500
0 0.872188 0.326667 0.006875 0.010000
0 0.864688 0.327083 0.006875 0.010833
0 0.236875 0.332917 0.013750 0.022500
0 0.028438 0.321667 0.001875 0.001667
0 0.914375 0.321250 0.001250 0.002500
0 0.707812 0.324167 0.008125 0.010000
0 0.083750 0.320000 0.002500 0.001667
0 0.871563 0.319167 0.001875 0.001667
0 0.882812 0.318750 0.001875 0.002500
0 0.513125 0.338750 0.011250 0.042500
0 0.068750 0.318750 0.003750 0.004167
0 0.030625 0.317500 0.001250 0.001667
0 0.492188 0.322500 0.010625 0.013333
0 0.205937 0.326250 0.018125 0.020833
0 0.831562 0.316250 0.003125 0.002500
0 0.663750 0.315000 0.002500 0.003333
0 0.235625 0.314167 0.001250 0.001667
0 0.665625 0.312917 0.001250 0.000833
0 0.869375 0.315000 0.008750 0.008333
0 0.743437 0.314583 0.005625 0.007500
0 0.733750 0.311667 0.001250 0.003333
0 0.309688 0.320000 0.015625 0.021667
0 0.295000 0.320417 0.015000 0.022500
0 0.656875 0.309167 0.001250 0.001667
0 0.533750 0.313333 0.007500 0.010000
0 0.825937 0.318333 0.021875 0.021667
0 0.394062 0.310417 0.003125 0.005833
0 0.784062 0.313333 0.004375 0.013333
0 0.411250 0.308750 0.006250 0.007500
0 0.391250 0.306667 0.003750 0.003333
0 0.993437 0.312083 0.013125 0.017500
0 0.789375 0.302917 0.001250 0.000833
0 0.906250 0.314583 0.017500 0.027500
0 0.698750 0.310417 0.012500 0.019167
0 0.158750 0.310417 0.016250 0.022500
0 0.883437 0.297917 0.004375 0.002500
0 0.664062 0.297500 0.001875 0.001667
0 0.659375 0.297917 0.002500 0.002500
0 0.595313 0.303333 0.014375 0.013333
0 0.388437 0.297500 0.000625 0.001667
0 0.667500 0.296250 0.002500 0.002500
0 0.662188 0.295417 0.000625 0.000833
0 0.332813 0.295833 0.000625 0.001667
0 0.361250 0.296250 0.002500 0.004167
0 0.312188 0.291667 0.000625 0.001667
0 0.845000 0.290417 0.001250 0.000833
0 0.629687 0.289167 0.000625 0.001667
0 0.628437 0.288750 0.000625 0.000833
0 0.893125 0.288333 0.005000 0.003333
0 0.038437 0.290417 0.004375 0.007500
0 0.881563 0.287917 0.003125 0.005833
0 0.838437 0.285417 0.000625 0.000833
0 0.837187 0.285833 0.000625 0.001667
0 0.840938 0.285000 0.001875 0.003333
0 0.528438 0.294583 0.010625 0.024167
0 0.881250 0.282500 0.001250 0.003333
0 0.792188 0.281250 0.000625 0.000833
0 0.386875 0.282917 0.002500 0.005833
0 0.890312 0.280833 0.000625 0.003333
0 0.661563 0.280000 0.000625 0.001667
0 0.333437 0.290000 0.025625 0.021667
0 0.224688 0.287917 0.013125 0.017500
0 0.777188 0.278750 0.000625 0.000833
0 0.320937 0.278750 0.000625 0.000833
0 0.323437 0.277917 0.000625 0.000833
0 0.696250 0.282500 0.018750 0.013333
0 0.459062 0.279583 0.005625 0.009167
0 0.781563 0.284583 0.018125 0.020833
0 0.829063 0.281250 0.014375 0.019167
0 0.420938 0.270417 0.000625 0.000833
0 0.118750 0.281250 0.020000 0.024167
0 0.882812 0.267083 0.000625 0.000833
0 0.883437 0.265417 0.001875 0.000833
0 0.836875 0.265417 0.001250 0.000833
0 0.712187 0.265417 0.001875 0.002500
0 0.595625 0.273333 0.013750 0.020000
0 0.829375 0.266667 0.003750 0.010000
0 0.383750 0.262917 0.001250 0.002500
0 0.653750 0.273333 0.016250 0.025000
0 0.424063 0.267083 0.011875 0.014167
0 0.040625 0.262500 0.002500 0.005000
0 0.496250 0.270833 0.017500 0.023333
0 0.888437 0.259583 0.003125 0.004167
0 0.036875 0.257917 0.001250 0.002500
0 0.007188 0.257083 0.000625 0.000833
0 0.001875 0.257917 0.001250 0.002500
0 0.892500 0.262083 0.007500 0.014167
0 0.292187 0.258333 0.004375 0.006667
0 0.003438 0.255000 0.000625 0.001667
0 0.040313 0.255417 0.004375 0.004167
0 0.803438 0.262500 0.029375 0.020000
0 0.001875 0.252500 0.001250 0.001667
0 0.000313 0.256250 0.000625 0.010833
0 0.005938 0.252917 0.003125 0.005833
0 0.713437 0.256250 0.009375 0.014167
0 0.993750 0.251250 0.002500 0.005833
0 0.370312 0.248750 0.001875 0.000833
0 0.320625 0.249167 0.001250 0.001667
0 0.203437 0.253333 0.008125 0.011667
0 0.939063 0.248333 0.003125 0.003333
0 0.941875 0.247083 0.002500 0.004167
0 0.897813 0.246667 0.001875 0.003333
0 0.614688 0.245417 0.000625 0.000833
0 0.617188 0.245417 0.003125 0.004167
0 0.991875 0.245000 0.003750 0.005000
0 0.951562 0.244583 0.003125 0.004167
0 0.562500 0.249167 0.013750 0.016667
0 0.945000 0.241250 0.003750 0.002500
0 0.875313 0.240417 0.000625 0.000833
0 0.404375 0.242083 0.003750 0.004167
0 0.402500 0.239583 0.001250 0.000833
0 0.365000 0.249167 0.008750 0.020000
0 0.959688 0.238750 0.000625 0.000833
0 0.874687 0.238750 0.000625 0.000833
0 0.399687 0.239167 0.001875 0.001667
0 0.015938 0.235833 0.004375 0.003333
0 0.941562 0.232917 0.001875 0.000833
0 0.232500 0.233333 0.001250 0.001667
0 0.625625 0.232500 0.002500 0.001667
0 0.024688 0.228750 0.000625 0.000833
0 0.996250 0.232500 0.007500 0.011667
0 0.608437 0.232500 0.010625 0.015000
0 0.028438 0.225417 0.001875 0.000833
0 0.026562 0.225417 0.000625 0.000833
0 0.030937 0.227917 0.003125 0.007500
0 0.015938 0.228750 0.011875 0.010833
0 0.930937 0.232500 0.014375 0.020000
0 0.984062 0.224167 0.003125 0.005000
0 0.938750 0.222917 0.002500 0.004167
0 0.019375 0.221667 0.001250 0.001667
0 0.718750 0.227917 0.011250 0.015833
0 0.665625 0.236667 0.017500 0.033333
0 0.971562 0.221250 0.003125 0.004167
0 0.821875 0.222083 0.003750 0.005833
0 0.774687 0.220000 0.000625 0.001667
0 0.547500 0.220000 0.002500 0.003333
0 0.415312 0.231250 0.016875 0.027500
0 0.559063 0.228333 0.023125 0.023333
0 0.518750 0.226250 0.017500 0.019167
0 0.150312 0.220000 0.005625 0.006667
0 0.285313 0.223333 0.013125 0.020000
0 0.249688 0.222083 0.020625 0.017500
0 0.560937 0.214167 0.001875 0.003333
0 0.563125 0.211667 0.001250 0.001667
0 0.927188 0.208750 0.000625 0.000833
0 0.405313 0.210000 0.001875 0.003333
0 0.095000 0.215833 0.012500 0.015000
0 0.977187 0.212083 0.004375 0.009167
0 0.664062 0.207917 0.001875 0.002500
0 0.935312 0.207917 0.005625 0.005833
0 0.560000 0.207917 0.005000 0.005833
0 0.367812 0.203750 0.000625 0.000833
0 0.925312 0.205833 0.003125 0.006667
0 0.775937 0.207917 0.011875 0.014167
0 0.542188 0.207917 0.010625 0.015833
0 0.783438 0.201667 0.004375 0.005000
0 0.229063 0.194583 0.000625 0.000833
0 0.126875 0.202083 0.013750 0.015833
0 0.816875 0.193333 0.001250 0.003333
0 0.693125 0.210833 0.025000 0.038333
0 0.942187 0.195417 0.003125 0.009167
0 0.070000 0.195833 0.003750 0.010000
0 0.986563 0.191250 0.001875 0.002500
0 0.983125 0.190833 0.001250 0.001667
0 0.838750 0.204167 0.028750 0.028333
0 0.984688 0.189583 0.000625 0.000833
0 0.857500 0.193750 0.005000 0.009167
0 0.810312 0.196250 0.009375 0.015833
0 0.250625 0.193333 0.011250 0.010000
0 0.991563 0.187917 0.000625 0.000833
0 0.907813 0.204167 0.016875 0.033333
0 0.974688 0.195000 0.011875 0.016667
0 0.855938 0.187083 0.001875 0.002500
0 0.972187 0.185417 0.000625 0.000833
0 0.942813 0.185833 0.000625 0.001667
0 0.896250 0.185417 0.002500 0.002500
0 0.777188 0.184583 0.000625 0.000833
0 0.813750 0.187083 0.005000 0.007500
0 0.808125 0.185417 0.002500 0.004167
0 0.795625 0.183750 0.001250 0.000833
0 0.526563 0.190417 0.015625 0.014167
0 0.429063 0.182917 0.000625 0.000833
0 0.320312 0.192083 0.013125 0.019167
0 0.986875 0.184167 0.002500 0.005000
0 0.976250 0.182500 0.003750 0.003333
0 0.801875 0.182083 0.002500 0.002500
0 0.772813 0.183333 0.006875 0.005000
0 0.398438 0.183333 0.005625 0.005000
0 0.988437 0.180417 0.000625 0.000833
0 0.980625 0.180833 0.001250 0.005000
0 0.767813 0.179167 0.003125 0.001667
0 0.986250 0.177917 0.001250 0.000833
0 0.020000 0.180000 0.003750 0.005000
0 0.797500 0.177917 0.003750 0.002500
0 0.736250 0.190417 0.016250 0.027500
0 0.649375 0.186667 0.013750 0.020000
0 0.251250 0.182083 0.016250 0.010833
0 0.181875 0.185417 0.007500 0.017500
0 0.776563 0.177083 0.005625 0.002500
0 0.220625 0.189167 0.017500 0.026667
0 0.979375 0.175417 0.001250 0.002500
0 0.800937 0.173750 0.000625 0.000833
0 0.986563 0.174583 0.003125 0.004167
0 0.399687 0.173750 0.003125 0.002500
0 0.960313 0.177500 0.008125 0.011667
0 0.939063 0.173333 0.001875 0.003333
0 0.932500 0.184583 0.015000 0.025833
0 0.766875 0.172083 0.001250 0.000833
0 0.134063 0.177083 0.011875 0.012500
0 0.798750 0.169583 0.001250 0.000833
0 0.926250 0.168750 0.001250 0.002500
0 0.831875 0.178333 0.017500 0.023333
0 0.798438 0.167083 0.000625 0.000833
0 0.869687 0.172500 0.025625 0.016667
0 0.571250 0.176250 0.011250 0.027500
0 0.242500 0.162917 0.001250 0.000833
0 0.523438 0.162917 0.001875 0.002500
0 0.916875 0.161667 0.001250 0.001667
0 0.874687 0.161250 0.001875 0.002500
0 0.913438 0.158750 0.000625 0.000833
0 0.704688 0.171250 0.010625 0.025833
0 0.694063 0.159167 0.000625 0.001667
0 0.953438 0.156250 0.000625 0.000833
0 0.912813 0.162917 0.009375 0.015833
0 0.818438 0.158750 0.005625 0.007500
0 0.706875 0.156250 0.001250 0.002500
0 0.519375 0.157083 0.003750 0.005833
0 0.250312 0.159167 0.008125 0.010000
0 0.826250 0.154583 0.002500 0.002500
0 0.977812 0.152917 0.000625 0.000833
0 0.248750 0.153333 0.001250 0.001667
0 0.831562 0.152083 0.000625 0.000833
0 0.706250 0.152500 0.001250 0.001667
0 0.978437 0.151667 0.001875 0.001667
0 0.697187 0.151250 0.000625 0.000833
0 0.644687 0.152500 0.005625 0.003333
0 0.968437 0.152500 0.003125 0.005000
0 0.243750 0.154583 0.007500 0.009167
0 0.218438 0.158333 0.011875 0.016667
0 0.991250 0.156250 0.006250 0.014167
0 0.833125 0.150000 0.001250 0.001667
0 0.933438 0.150417 0.004375 0.004167
0 0.925937 0.147917 0.001875 0.000833
0 0.977187 0.147500 0.000625 0.001667
0 0.498437 0.154583 0.018125 0.017500
0 0.979062 0.147500 0.001875 0.005000
0 0.734688 0.147500 0.004375 0.005000
0 0.537500 0.145833 0.001250 0.001667
0 0.607812 0.154583 0.013125 0.020833
0 0.539062 0.144583 0.001875 0.004167
0 0.939688 0.144583 0.004375 0.005833
0 0.484063 0.142500 0.001875 0.003333
0 0.937187 0.140417 0.000625 0.000833
0 0.735313 0.140417 0.000625 0.000833
0 0.195312 0.139583 0.000625 0.000833
0 0.824063 0.143750 0.015625 0.010833
0 0.149062 0.138750 0.000625 0.000833
0 0.962187 0.147083 0.009375 0.019167
0 0.653750 0.138333 0.005000 0.003333
0 0.813750 0.137083 0.002500 0.002500
0 0.804688 0.144167 0.015625 0.016667
0 0.637500 0.137083 0.003750 0.002500
0 0.148750 0.136667 0.001250 0.001667
0 0.705625 0.139167 0.006250 0.008333
0 0.200313 0.138333 0.005625 0.006667
0 0.902500 0.135417 0.001250 0.002500
0 0.935937 0.134167 0.001875 0.001667
0 0.341250 0.143333 0.017500 0.021667
0 0.807813 0.132083 0.000625 0.000833
0 0.644062 0.132500 0.003125 0.001667
0 0.703750 0.132083 0.002500 0.002500
0 0.203750 0.132083 0.001250 0.004167
0 0.893437 0.128750 0.000625 0.000833
0 0.641875 0.129167 0.001250 0.001667
0 0.192812 0.128750 0.000625 0.000833
0 0.892813 0.140417 0.020625 0.025833
0 0.003125 0.131667 0.006250 0.008333
0 0.932813 0.129167 0.003125 0.006667
0 0.204375 0.126250 0.001250 0.000833
0 0.866563 0.125417 0.000625 0.000833
0 0.051250 0.133750 0.003750 0.017500
0 0.194062 0.124583 0.000625 0.000833
0 0.953438 0.125417 0.003125 0.004167
0 0.835625 0.124583 0.003750 0.002500
0 0.580937 0.137083 0.025625 0.027500
0 0.811250 0.125417 0.007500 0.005833
0 0.945312 0.121250 0.000625 0.000833
0 0.817187 0.122917 0.003125 0.004167
0 0.860313 0.122500 0.006875 0.006667
0 0.829375 0.118750 0.001250 0.000833
0 0.854688 0.118750 0.003125 0.002500
0 0.922500 0.118333 0.007500 0.003333
0 0.874687 0.117500 0.000625 0.001667
0 0.000313 0.117500 0.000625 0.001667
0 0.815625 0.117917 0.002500 0.004167
0 0.956562 0.115417 0.000625 0.000833
0 0.539062 0.115833 0.000625 0.001667
0 0.536875 0.127500 0.010000 0.025000
0 0.506875 0.124583 0.011250 0.019167
0 0.876563 0.114583 0.000625 0.000833
0 0.073750 0.123333 0.010000 0.018333
0 0.000313 0.115000 0.000625 0.001667
0 0.878437 0.114167 0.001875 0.001667
0 0.831250 0.114583 0.001250 0.002500
0 0.956562 0.113333 0.001875 0.001667
0 0.917188 0.113750 0.001875 0.002500
0 0.934688 0.112083 0.000625 0.000833
0 0.843437 0.111250 0.000625 0.000833
0 0.842812 0.116250 0.005625 0.010833
0 0.504687 0.112083 0.003125 0.004167
0 0.391562 0.110833 0.004375 0.001667
0 0.915937 0.109583 0.001875 0.000833
0 0.830625 0.110417 0.001250 0.002500
0 0.745625 0.123750 0.017500 0.029167
0 0.389688 0.108333 0.000625 0.001667
0 0.959375 0.107500 0.001250 0.001667
0 0.840625 0.108333 0.002500 0.003333
0 0.953125 0.107917 0.002500 0.004167
0 0.389688 0.106250 0.000625 0.000833
0 0.387813 0.107917 0.001875 0.005833
0 0.955937 0.105000 0.000625 0.001667
0 0.533750 0.106667 0.002500 0.005000
0 0.961250 0.102500 0.002500 0.003333
0 0.942500 0.102083 0.001250 0.002500
0 0.919687 0.101667 0.000625 0.001667
0 0.935937 0.100417 0.000625 0.000833
0 0.952812 0.100000 0.000625 0.001667
0 0.881563 0.099583 0.000625 0.000833
0 0.652813 0.099583 0.000625 0.000833
0 0.630938 0.101667 0.004375 0.005000
0 0.535937 0.099583 0.000625 0.000833
0 0.580313 0.104167 0.010625 0.011667
0 0.900937 0.097917 0.000625 0.000833
0 0.326875 0.101667 0.006250 0.008333
0 0.896250 0.098333 0.002500 0.003333
0 0.955625 0.098750 0.003750 0.005833
0 0.926250 0.097917 0.003750 0.004167
0 0.839063 0.102500 0.014375 0.013333
0 0.873125 0.095833 0.001250 0.001667
0 0.885312 0.094583 0.000625 0.000833
0 0.939375 0.095417 0.003750 0.004167
0 0.621563 0.095000 0.003125 0.003333
0 0.569688 0.093750 0.000625 0.000833
0 0.417812 0.097917 0.008125 0.009167
0 0.968750 0.100833 0.015000 0.016667
0 0.915000 0.092500 0.001250 0.001667
0 0.893125 0.094583 0.002500 0.005833
0 0.740625 0.097083 0.008750 0.012500
0 0.114375 0.092083 0.001250 0.002500
0 0.916250 0.090417 0.001250 0.000833
0 0.627500 0.093750 0.006250 0.007500
0 0.247812 0.088750 0.000625 0.000833
0 0.249688 0.088333 0.001875 0.001667
0 0.618750 0.088333 0.005000 0.005000
0 0.528750 0.086667 0.003750 0.003333
0 0.113750 0.086667 0.001250 0.003333
0 0.608437 0.081667 0.000625 0.001667
0 0.609688 0.080833 0.000625 0.001667
0 0.916250 0.080833 0.002500 0.003333
0 0.872500 0.082917 0.005000 0.007500
0 0.680937 0.080417 0.000625 0.002500
0 0.566250 0.079583 0.002500 0.004167
0 0.557813 0.077083 0.003125 0.004167
0 0.660625 0.090833 0.015000 0.033333
0 0.585938 0.073750 0.000625 0.000833
0 0.103750 0.074583 0.001250 0.002500
0 0.859688 0.082500 0.015625 0.021667
0 0.645312 0.071250 0.000625 0.000833
0 0.871250 0.071250 0.002500 0.004167
0 0.859062 0.069583 0.000625 0.000833
0 0.669375 0.070000 0.001250 0.001667
0 0.594688 0.069583 0.000625 0.000833
0 0.865625 0.069583 0.005000 0.004167
0 0.641563 0.072917 0.005625 0.014167
0 0.625313 0.072500 0.010625 0.013333
0 0.974375 0.065417 0.001250 0.000833
0 0.583750 0.065000 0.001250 0.001667
0 0.491875 0.065833 0.001250 0.003333
0 0.939063 0.071667 0.011875 0.020000
0 0.896875 0.060417 0.001250 0.000833
0 0.275938 0.065000 0.009375 0.013333
0 0.254688 0.068750 0.019375 0.020833
0 0.520625 0.069583 0.015000 0.027500
0 0.834375 0.065417 0.016250 0.020833
0 0.592187 0.056250 0.001875 0.002500
0 0.196250 0.060417 0.011250 0.012500
0 0.099062 0.054583 0.001875 0.000833
0 0.994687 0.053750 0.000625 0.000833
0 0.967812 0.063750 0.011875 0.020833
0 0.710000 0.057083 0.010000 0.007500
0 0.703438 0.053750 0.001875 0.000833
0 0.207500 0.054167 0.001250 0.001667
0 0.523125 0.052917 0.001250 0.000833
0 0.666875 0.052083 0.001250 0.000833
0 0.665312 0.052083 0.000625 0.000833
0 0.707812 0.050417 0.001875 0.000833
0 0.586562 0.052500 0.004375 0.005000
0 0.901563 0.052500 0.006875 0.006667
0 0.390313 0.050833 0.001875 0.003333
0 0.205313 0.049583 0.000625 0.000833
0 0.705625 0.049167 0.001250 0.001667
0 0.707812 0.047917 0.000625 0.000833
0 0.666250 0.047917 0.001250 0.000833
0 0.204687 0.047917 0.000625 0.000833
0 0.579063 0.047500 0.001875 0.001667
0 0.138750 0.047500 0.001250 0.001667
0 0.081250 0.048333 0.001250 0.003333
0 0.705313 0.046250 0.000625 0.000833
0 0.567500 0.054167 0.013750 0.016667
0 0.910000 0.047500 0.005000 0.005000
0 0.053437 0.045417 0.000625 0.000833
0 0.920937 0.044167 0.001875 0.001667
0 0.915625 0.042917 0.001250 0.000833
0 0.195312 0.045833 0.003125 0.008333
0 0.703125 0.043750 0.005000 0.005833
0 0.875313 0.041250 0.005625 0.004167
0 0.976250 0.039167 0.001250 0.001667
0 0.879375 0.039167 0.001250 0.001667
0 0.136250 0.039583 0.005000 0.005833
0 0.459688 0.045833 0.019375 0.023333
0 0.866563 0.038333 0.005625 0.010000
0 0.872500 0.035000 0.003750 0.005000
0 0.251250 0.040417 0.022500 0.017500
0 0.052812 0.037500 0.004375 0.013333
0 0.984375 0.038333 0.010000 0.018333
0 0.687813 0.034167 0.006875 0.010000
0 0.839063 0.028750 0.001875 0.002500
0 0.721562 0.027917 0.000625 0.000833
0 0.885625 0.030417 0.003750 0.007500
0 0.599688 0.039167 0.019375 0.025000
0 0.670312 0.036667 0.016875 0.023333
0 0.868750 0.027500 0.006250 0.008333
0 0.636250 0.028750 0.003750 0.010833
0 0.502500 0.031667 0.012500 0.018333
0 0.301563 0.025417 0.003125 0.007500
0 0.956562 0.028750 0.010625 0.017500
0 0.485312 0.018750 0.000625 0.000833
0 0.855000 0.019583 0.003750 0.004167
0 0.545625 0.018333 0.001250 0.001667
0 0.970000 0.019167 0.005000 0.005000
0 0.965938 0.017083 0.000625 0.000833
0 0.860313 0.016250 0.000625 0.000833
0 0.547188 0.016250 0.000625 0.000833
0 0.713125 0.022500 0.015000 0.015000
0 0.578438 0.017917 0.004375 0.007500
0 0.481875 0.020000 0.007500 0.011667
0 0.977187 0.013750 0.000625 0.000833
0 0.633125 0.018750 0.006250 0.010833
0 0.552500 0.017083 0.003750 0.007500
0 0.548438 0.013750 0.000625 0.000833
0 0.542500 0.013333 0.001250 0.001667
0 0.155000 0.013750 0.003750 0.004167
0 0.979688 0.011667 0.000625 0.001667
0 0.965000 0.012917 0.002500 0.004167
0 0.618125 0.025000 0.008750 0.028333
0 0.545625 0.013333 0.003750 0.005000
0 0.760938 0.008750 0.001875 0.002500
0 0.284687 0.007917 0.000625 0.000833
0 0.924063 0.007917 0.003125 0.002500
0 0.845313 0.007083 0.000625 0.000833
0 0.290312 0.010000 0.009375 0.011667
0 0.108438 0.013333 0.011875 0.018333
0 0.044062 0.004167 0.000625 0.001667
0 0.288750 0.003333 0.001250 0.001667
0 0.539687 0.002083 0.000625 0.000833
0 0.438750 0.008333 0.011250 0.013333
0 0.185938 0.007917 0.011875 0.012500
0 0.664375 0.000417 0.002500 0.000833
0 0.618125 0.003333 0.005000 0.006667
0 0.572500 0.005417 0.007500 0.010833
0 0.544375 0.001250 0.001250 0.002500
0 0.502500 0.000417 0.003750 0.000833
0 0.435312 0.000833 0.004375 0.001667
0 0.396562 0.006250 0.006875 0.012500
0 0.331250 0.001250 0.006250 0.002500
0 0.285938 0.000417 0.004375 0.000833
0 0.144063 0.004583 0.014375 0.009167