0 0.826875 0.999167 0.003750 0.001667
0 0.592187 0.996667 0.008125 0.006667
0 0.855938 0.995833 0.015625 0.008333
0 0.816250 0.982917 0.008750 0.007500
0 0.767500 0.980417 0.005000 0.002500
0 0.826562 0.980833 0.010625 0.005000
0 0.750625 0.979167 0.001250 0.001667
0 0.726562 0.980417 0.005625 0.004167
0 0.636250 0.981250 0.002500 0.005833
0 0.824063 0.977917 0.000625 0.000833
0 0.638437 0.977917 0.000625 0.000833
0 0.640938 0.972083 0.000625 0.000833
0 0.525312 0.973333 0.003125 0.003333
0 0.395625 0.972083 0.005000 0.005833
0 0.646250 0.970417 0.008750 0.004167
0 0.732187 0.974167 0.016875 0.016667
0 0.728437 0.966250 0.000625 0.000833
0 0.772813 0.964167 0.000625 0.001667
0 0.394062 0.969583 0.024375 0.012500
0 0.993125 0.958333 0.002500 0.001667
0 0.432188 0.964583 0.009375 0.014167
0 0.988750 0.958333 0.003750 0.003333
0 0.422500 0.958333 0.006250 0.008333
0 0.805000 0.930833 0.002500 0.003333
0 0.357187 0.932917 0.015625 0.010833
0 0.818125 0.927500 0.022500 0.008333
0 0.681250 0.925000 0.002500 0.003333
0 0.831562 0.922917 0.003125 0.002500
0 0.930625 0.918333 0.003750 0.003333
0 0.993437 0.915000 0.000625 0.001667
0 0.954375 0.913333 0.001250 0.001667
0 0.955937 0.912083 0.000625 0.000833
0 0.952500 0.912083 0.001250 0.000833
0 0.865313 0.915000 0.009375 0.006667
0 0.949375 0.914167 0.006250 0.008333
0 0.595938 0.910833 0.003125 0.003333
0 0.211875 0.904167 0.033750 0.006667
0 0.601250 0.901667 0.006250 0.003333
0 0.737500 0.898333 0.013750 0.006667
0 0.814688 0.901667 0.014375 0.016667
0 0.129062 0.872083 0.000625 0.000833
0 0.109063 0.871250 0.000625 0.000833
0 0.129062 0.870417 0.000625 0.000833
0 0.133750 0.869583 0.002500 0.002500
0 0.137500 0.868333 0.001250 0.001667
0 0.544375 0.850833 0.013750 0.013333
0 0.227813 0.840417 0.014375 0.007500
0 0.362500 0.829583 0.015000 0.010833
0 0.200625 0.822083 0.001250 0.000833
0 0.205313 0.827083 0.014375 0.012500
0 0.087500 0.813750 0.028750 0.005833
0 0.738125 0.804583 0.005000 0.005833
0 0.001563 0.800833 0.003125 0.001667
0 0.165937 0.778750 0.000625 0.000833
0 0.164062 0.775833 0.003125 0.005000
0 0.170000 0.775833 0.007500 0.010000
0 0.360938 0.757917 0.001875 0.002500
0 0.366250 0.757500 0.003750 0.003333
0 0.060937 0.727917 0.004375 0.007500
0 0.093750 0.719167 0.012500 0.011667
0 0.223750 0.704583 0.002500 0.004167
0 0.503750 0.702917 0.007500 0.005833
0 0.210313 0.699167 0.000625 0.001667
0 0.274062 0.693750 0.000625 0.000833
0 0.262813 0.690833 0.014375 0.010000
0 0.006562 0.673750 0.000625 0.000833
0 0.010313 0.671250 0.005625 0.005833
0 0.020938 0.664167 0.003125 0.001667
0 0.025937 0.664167 0.004375 0.005000
0 0.082500 0.644583 0.013750 0.010833
0 0.549063 0.639167 0.000625 0.001667
0 0.559063 0.634583 0.001875 0.002500
0 0.115000 0.637083 0.017500 0.010833
0 0.381563 0.628750 0.000625 0.000833
0 0.169063 0.627083 0.000625 0.000833
0 0.646250 0.632083 0.017500 0.012500
0 0.175937 0.627500 0.005625 0.003333
0 0.224375 0.626667 0.005000 0.003333
0 0.625000 0.629583 0.016250 0.010833
0 0.658750 0.625833 0.008750 0.005000
0 0.187188 0.623750 0.000625 0.000833
0 0.184688 0.623750 0.000625 0.000833
0 0.175937 0.623750 0.000625 0.000833
0 0.182500 0.622917 0.001250 0.000833
0 0.233437 0.623333 0.003125 0.003333
0 0.391562 0.625000 0.018125 0.008333
0 0.171563 0.622917 0.006875 0.004167
0 0.401875 0.620000 0.001250 0.001667
0 0.406250 0.619167 0.005000 0.003333
0 0.460313 0.619583 0.005625 0.007500
0 0.967187 0.604167 0.005625 0.005000
0 0.964688 0.595417 0.000625 0.000833
0 0.969063 0.590417 0.006875 0.007500
0 0.063750 0.590833 0.012500 0.011667
0 0.485312 0.585000 0.014375 0.010000
0 0.140937 0.577917 0.000625 0.000833
0 0.469687 0.582500 0.015625 0.011667
0 0.146875 0.581667 0.008750 0.013333
0 0.775625 0.576250 0.002500 0.005833
0 0.390625 0.573333 0.001250 0.001667
0 0.056875 0.575833 0.018750 0.010000
0 0.857187 0.569583 0.000625 0.000833
0 0.861250 0.569167 0.002500 0.001667
0 0.785937 0.568750 0.000625 0.000833
0 0.784687 0.569167 0.000625 0.001667
0 0.399375 0.571667 0.017500 0.013333
0 0.079687 0.567500 0.009375 0.006667
0 0.870938 0.565000 0.004375 0.003333
0 0.866875 0.564583 0.002500 0.004167
0 0.000313 0.561250 0.000625 0.000833
0 0.233125 0.563750 0.015000 0.012500
0 0.098125 0.560417 0.012500 0.014167
0 0.879375 0.546667 0.008750 0.003333
0 0.871875 0.545000 0.001250 0.001667
0 0.002188 0.525417 0.004375 0.010833
0 0.159062 0.509583 0.000625 0.000833
0 0.907188 0.512917 0.011875 0.009167
0 0.166250 0.509583 0.011250 0.002500
0 0.175937 0.509167 0.003125 0.005000
0 0.887500 0.510833 0.010000 0.011667
0 0.271562 0.483333 0.018125 0.008333
0 0.314063 0.471667 0.014375 0.010000
0 0.130625 0.467500 0.001250 0.001667
0 0.128750 0.463750 0.008750 0.005833
0 0.919063 0.464167 0.018125 0.008333
0 0.110937 0.460833 0.011875 0.016667
0 0.818750 0.448750 0.006250 0.009167
0 0.600313 0.447083 0.013125 0.014167
0 0.358438 0.438750 0.000625 0.000833
0 0.122813 0.443750 0.013125 0.012500
0 0.093125 0.436250 0.007500 0.004167
0 0.086563 0.434583 0.000625 0.000833
0 0.307188 0.437500 0.010625 0.010000
0 0.463438 0.432083 0.000625 0.000833
0 0.184688 0.433333 0.001875 0.005000
0 0.914062 0.434583 0.006875 0.009167
0 0.922500 0.433750 0.010000 0.009167
0 0.131562 0.427083 0.000625 0.000833
0 0.374063 0.425417 0.001875 0.002500
0 0.337187 0.424583 0.010625 0.007500
0 0.000625 0.421250 0.001250 0.002500
0 0.769062 0.421667 0.003125 0.005000
0 0.374688 0.417083 0.000625 0.000833
0 0.774062 0.416250 0.006875 0.004167
0 0.381875 0.419583 0.010000 0.010833
0 0.226562 0.407500 0.006875 0.005000
0 0.189062 0.400833 0.001875 0.001667
0 0.193438 0.398750 0.000625 0.000833
0 0.198125 0.397500 0.007500 0.005000
0 0.317188 0.395833 0.004375 0.003333
0 0.219062 0.392083 0.001875 0.002500
0 0.256563 0.388750 0.009375 0.010833
0 0.429688 0.380417 0.000625 0.000833
0 0.502500 0.380417 0.002500 0.002500
0 0.342813 0.378750 0.000625 0.000833
0 0.349375 0.378333 0.003750 0.005000
0 0.592500 0.375417 0.001250 0.000833
0 0.434375 0.380417 0.010000 0.010833
0 0.580937 0.375417 0.004375 0.002500
0 0.515000 0.376667 0.010000 0.005000
0 0.441875 0.377917 0.003750 0.007500
0 0.203437 0.374583 0.001875 0.000833
0 0.198750 0.375417 0.003750 0.002500
0 0.190938 0.374583 0.000625 0.000833
0 0.674063 0.377500 0.011875 0.008333
0 0.507188 0.372083 0.000625 0.000833
0 0.503125 0.372500 0.005000 0.001667
0 0.509062 0.371250 0.000625 0.000833
0 0.511875 0.371250 0.003750 0.004167
0 0.675312 0.367083 0.000625 0.000833
0 0.381250 0.351250 0.001250 0.000833
0 0.159375 0.350417 0.006250 0.002500
0 0.167813 0.348750 0.000625 0.000833
0 0.391875 0.347500 0.002500 0.001667
0 0.388750 0.347500 0.002500 0.001667
0 0.647813 0.343333 0.010625 0.011667
0 0.890312 0.329583 0.000625 0.000833
0 0.000313 0.327917 0.000625 0.000833
0 0.805937 0.328750 0.013125 0.004167
0 0.190625 0.325417 0.001250 0.000833
0 0.000313 0.325417 0.000625 0.000833
0 0.608125 0.328750 0.015000 0.009167
0 0.000313 0.321667 0.000625 0.003333
0 0.910312 0.319583 0.000625 0.000833
0 0.902188 0.323333 0.016875 0.008333
0 0.734062 0.316667 0.003125 0.003333
0 0.254063 0.316250 0.003125 0.002500
0 0.229063 0.315417 0.000625 0.000833
0 0.823750 0.315000 0.016250 0.010000
0 0.737812 0.313333 0.013125 0.011667
0 0.049375 0.297500 0.002500 0.005000
0 0.786250 0.294583 0.010000 0.007500
0 0.725938 0.290417 0.003125 0.002500
0 0.919063 0.275833 0.001875 0.001667
0 0.321562 0.272083 0.011875 0.007500
0 0.934688 0.267917 0.000625 0.000833
0 0.327500 0.255833 0.012500 0.011667
0 0.269688 0.244583 0.000625 0.000833
0 0.762813 0.242083 0.000625 0.000833
0 0.761250 0.241667 0.001250 0.001667
0 0.771250 0.240417 0.007500 0.002500
0 0.370625 0.242917 0.005000 0.007500
0 0.626875 0.228333 0.001250 0.001667
0 0.312500 0.214167 0.010000 0.008333
0 0.401250 0.210000 0.002500 0.003333
0 0.408438 0.210000 0.009375 0.006667
0 0.404687 0.204583 0.001875 0.000833
0 0.352187 0.202083 0.003125 0.002500
0 0.694688 0.190417 0.005625 0.004167
0 0.700625 0.187917 0.003750 0.002500
0 0.682187 0.187500 0.000625 0.001667
0 0.595313 0.186667 0.015625 0.013333
0 0.396250 0.174167 0.002500 0.003333
0 0.719375 0.166250 0.001250 0.000833
0 0.592812 0.160417 0.006875 0.004167
0 0.001875 0.153333 0.003750 0.008333
0 0.722187 0.152083 0.009375 0.007500
0 0.544375 0.171667 0.061250 0.048333
0 0.883437 0.147917 0.004375 0.002500
0 0.066250 0.147500 0.001250 0.001667
0 0.055000 0.147500 0.002500 0.001667
0 0.570937 0.147083 0.006875 0.004167
0 0.449375 0.145417 0.001250 0.000833
0 0.888750 0.146250 0.002500 0.004167
0 0.444063 0.145000 0.001875 0.003333
0 0.340313 0.145417 0.005625 0.004167
0 0.069687 0.144167 0.004375 0.005000
0 0.057188 0.144167 0.009375 0.005000
0 0.560625 0.139167 0.005000 0.003333
0 0.734688 0.134167 0.016875 0.008333
0 0.111562 0.114583 0.000625 0.000833
0 0.110000 0.115000 0.001250 0.001667
0 0.093750 0.113333 0.011250 0.003333
0 0.001563 0.111250 0.003125 0.007500
0 0.740313 0.103333 0.010625 0.006667
0 0.726875 0.101250 0.001250 0.002500
0 0.333437 0.094583 0.000625 0.000833
0 0.329688 0.095833 0.001875 0.003333
0 0.335938 0.093750 0.001875 0.000833
0 0.200000 0.085833 0.015000 0.013333
0 0.995625 0.076667 0.008750 0.006667
0 0.270937 0.070417 0.003125 0.002500
0 0.553438 0.072500 0.016875 0.010000
0 0.296875 0.089583 0.051250 0.050833
0 0.878437 0.067917 0.014375 0.009167
0 0.713750 0.059167 0.001250 0.001667
0 0.278750 0.063333 0.011250 0.010000
0 0.651875 0.057917 0.001250 0.000833
0 0.725000 0.057917 0.002500 0.002500
0 0.716875 0.057500 0.002500 0.001667
0 0.706562 0.060417 0.006875 0.007500
0 0.296875 0.050833 0.006250 0.001667
0 0.099062 0.035417 0.003125 0.000833
0 0.429375 0.033750 0.001250 0.000833
0 0.055938 0.031250 0.006875 0.004167
0 0.453750 0.027500 0.005000 0.001667
0 0.440625 0.030000 0.018750 0.006667
0 0.090625 0.030417 0.012500 0.010833
0 0.073438 0.029583 0.008125 0.010833
0 0.215000 0.026667 0.017500 0.011667
0 0.227187 0.020417 0.004375 0.004167
0 0.321562 0.017500 0.003125 0.001667
0 0.352187 0.010417 0.000625 0.000833
0 0.349375 0.011250 0.002500 0.002500
0 0.613125 0.010417 0.003750 0.002500
0 0.635312 0.001667 0.004375 0.003333
0 0.110937 0.000417 0.000625 0.000833