0 0.345313 0.997917 0.000625 0.000833
0 0.597812 0.987083 0.000625 0.000833
0 0.711875 0.976667 0.005000 0.003333
0 0.900625 0.946667 0.011250 0.006667
0 0.831250 0.925417 0.001250 0.000833
0 0.828750 0.924167 0.001250 0.001667
0 0.225312 0.912500 0.001875 0.001667
0 0.620313 0.904583 0.001875 0.005833
0 0.518437 0.902083 0.003125 0.002500
0 0.691562 0.900833 0.009375 0.005000
0 0.750625 0.888750 0.001250 0.000833
0 0.514375 0.877083 0.003750 0.002500
0 0.521875 0.871667 0.002500 0.003333
0 0.490000 0.866667 0.001250 0.001667
0 0.493125 0.865417 0.003750 0.002500
0 0.376563 0.822917 0.010625 0.004167
0 0.999687 0.817083 0.000625 0.000833
0 0.409062 0.815000 0.028125 0.013333
0 0.693750 0.745833 0.001250 0.001667
0 0.349687 0.688333 0.001875 0.003333
0 0.268750 0.620417 0.003750 0.005833
0 0.713125 0.598750 0.006250 0.002500
0 0.639687 0.571250 0.004375 0.002500
0 0.124375 0.562083 0.002500 0.005833
0 0.482812 0.552917 0.000625 0.000833
0 0.485000 0.552917 0.001250 0.002500
0 0.409375 0.542917 0.006250 0.004167
0 0.399375 0.516667 0.003750 0.003333
0 0.343438 0.504583 0.005625 0.009167
0 0.230313 0.477917 0.000625 0.000833
0 0.228437 0.476250 0.001875 0.004167
0 0.232187 0.471667 0.008125 0.010000
0 0.244062 0.466250 0.000625 0.000833
0 0.686250 0.464167 0.001250 0.001667
0 0.623437 0.455417 0.051875 0.070833
0 0.593750 0.387917 0.005000 0.000833
0 0.588437 0.387083 0.001875 0.000833
0 0.228125 0.390000 0.017500 0.008333
0 0.782813 0.384583 0.000625 0.000833
0 0.784062 0.381667 0.001875 0.003333
0 0.199063 0.377917 0.000625 0.000833
0 0.195937 0.377083 0.004375 0.002500
0 0.790625 0.372083 0.001250 0.002500
0 0.317188 0.251667 0.004375 0.003333
0 0.250625 0.217917 0.001250 0.002500
0 0.641563 0.185417 0.000625 0.000833
0 0.648125 0.182083 0.002500 0.002500
0 0.646875 0.173333 0.005000 0.003333
0 0.087813 0.165833 0.005625 0.005000
0 0.215938 0.157083 0.011875 0.010833
0 0.219062 0.149583 0.000625 0.000833
0 0.929688 0.146250 0.000625 0.000833
0 0.925625 0.150417 0.010000 0.010833
0 0.002188 0.093750 0.004375 0.005833
0 0.424375 0.070833 0.003750 0.008333
0 0.171563 0.055000 0.003125 0.001667
0 0.174687 0.053750 0.000625 0.000833